-343 -172
150 210
-335 -169
-448 -454
-507 117
108 506
502 319
-330 272
-448 -361
-367 -87
-470 -379
-44 -26
-74 -366
-252 -46
-99 -353
332 -162
-387 -186
-136 -46
368 -467
287 249
-426 -494
-172 -376
-88 450
-511 121
-187 -300
406 -118
49 -114
142 98
-79 465
363 -492
104 -151
-66 39
371 -204
472 448
411 188
73 -134
361 506
169 -63
243 -418
320 35
-404 -492
176 -351
-89 -418
270 -39
-73 97
502 -311
311 -197
35 -61
-168 -130
234 271
288 399
256 231
-127 -249
63 510
-337 395
261 -231
-163 374
-498 -186
-251 -185
72 -139
396 288
-436 -205
383 -84
207 -230
-323 -444
-172 132
-104 -448
304 177
-438 26
-171 -33
31 -149
-248 -302
231 -45
338 94
-395 -342
95 95
-418 508
-425 -372
495 -83
314 440
6 -357
280 -158
-462 191
-440 360
507 160
-167 -37
-98 -164
105 380
3 -338
345 292
-317 -471
-11 -284
-26 -218
-151 0
39 -41
-231 -277
-148 39
-19 -78
-491 206
188 -389
-354 -154
-436 333
218 -468
509 -477
-272 30
-501 -240
330 214
-465 -302
-276 -282
231 366
-239 300
-354 293
-447 492
189 223
-94 175
263 115
404 -181
-383 -318
444 -35
345 -55
272 52
-248 133
34 55
-350 352
99 378
225 -149
-313 -165
114 41
85 -263
371 25
195 39
-59 -102
325 179
-237 -85
-386 246
-420 476
478 109
-432 -507
218 -24
149 418
-501 356
250 22
193 -408
-128 -196
362 392
172 80
-173 -111
462 -95
-181 -316
-196 203
309 -82
487 -216
310 433
-90 -333
-347 -152
378 -92
502 71
-399 174
132 352
107 -148
149 84
-90 -64
149 300
-42 -284
-352 -511
10 150
306 59
308 -195
217 226
-164 158
174 457
216 461
340 -124
-319 305
218 73
-419 288
339 234
-293 407
213 126
-495 342
-232 -290
428 482
-30 -302
460 223
324 -416
-346 28
-120 -511
-241 339
-137 -211
15 -292
125 63
-161 -84
-427 -480
-65 397
-441 -67
-417 99
-388 197
453 312
-92 411
-375 412
70 -25
-80 509
64 468
264 -8
260 -147
436 -429
468 151
-263 -3
-344 428
285 -42
-265 13
-315 170
-350 424
-225 -161
343 -52
-469 -376
428 -253
-231 368
299 -86
-156 -330
497 -373
-427 -239
-129 266
480 87
476 158
-331 -175
-159 -45
167 -259
-292 21
-43 -329
494 202
-463 -356
382 3
253 465
463 -18
-482 -413
179 203
-198 -79
55 -473
397 12
-164 -217
-155 419
-383 263
213 -97
-512 -203
-43 266
339 -486
190 -341
271 -224
-455 194
-405 24
-289 311
448 -286
53 315
-358 5
-246 -103
-322 282
-213 -215
-386 -126
-102 -192
-510 506
478 190
279 -277
261 177
472 -128
74 -387
256 409
-378 -338
-80 381
372 -386
-457 344
-379 -24
446 145
114 407
-318 -67
481 -148
448 -111
209 464
-490 165
-406 277
-156 392
446 -202
-411 -74
-7 -124
-70 149
288 -311
63 52
-202 -10
413 -480
-14 -12
125 -440
-225 107
-52 -87
71 -207
-129 -417
-274 326
446 99
-264 -179
421 -229
268 377
328 176
-411 -283
430 -487
-204 -377
-268 80
447 378
-2 -505
-510 451
-52 -465
195 -458
281 173
508 0
-135 353
154 1
-162 25
60 -356
-393 444
365 -465
509 191
18 -237
169 49
84 -256
-206 -259
347 -114
252 -252
-98 -21
507 -63
-476 -220
95 287
135 -317
-461 -385
-97 134
455 -163
-465 -433
-220 -353
483 360
-254 59
191 94
91 -335
33 -38
82 16
9 446
266 375
299 -461
-109 46
-314 98
269 280
-11 241
188 -49
-351 -77
476 -362
332 199
-379 -300
-86 -339
-296 -162
72 -181
-400 -110
-36 -275
92 -394
-81 -230
-334 -159
-187 363
-451 379
-473 496
286 -175
21 -126
309 -410
414 -337
-265 184
-416 -337
391 331
-155 -59
-256 344
-16 -196
16 346
-361 -500
-316 -494
-300 171
294 -203
410 -390
-350 -286
-389 487
447 -81
395 -322
-254 165
-18 -36
397 174
-64 198
502 511
312 -321
-326 157
144 -54
-427 -464
-196 208
240 -178
-211 -47
-123 -184
483 -75
483 -85
-77 -379
213 219
-335 -160
463 -169
-328 365
-312 -98
-359 406
-87 -461
478 466
131 230
-149 -12
185 -64
-256 62
222 327
416 271
308 -316
-467 -360
-347 -96
-139 506
282 -49
-32 254
-436 -6
-41 -161
301 93
-177 -231
62 308
245 241
-93 374
341 -445
256 -26
-82 -218
414 -89
-87 212
350 442
49 -269
-417 407
-3 -79
-233 -179
385 483
-510 -131
-205 -274
-35 422
53 -484
273 86
150 404
140 70
-403 -420
-355 248
-222 -304
87 -467
400 -270
379 -363
-146 -482
-114 173
144 427
-227 -112
-306 419
-189 -222
469 -288
-434 510
295 -80
-324 257
102 275
404 333
-318 -227
82 365
-360 -340
414 -359
225 -285
261 -149
-350 207
155 105
-410 233
352 459
-96 -248
-117 415
-30 -22
-331 -244
-32 263
-204 411
83 -59
287 169
138 351
-59 -74
370 401
287 134
383 -23
-32 199
46 460
379 195
-307 106
245 -346
445 -463
221 -116
-484 -279
203 423
-404 -202
86 -361
488 -157
239 -240
182 -146
-2 -222
50 -258
311 -386
396 115
-107 -18
308 -188
-481 178
-42 210
116 -492
76 -185
54 13
280 -408
-442 309
483 246
-482 -18
335 42
445 32
-90 -449
-199 230
143 409
191 -209
-406 329
228 5
134 -348
-223 -452
463 -156
37 340
-500 -250
470 331
441 308
-153 -291
-318 -188
-271 335
311 391
264 -181
495 -360
-447 242
-455 -444
243 211
332 320
-439 -406
354 -272
-7 143
-415 -425
161 88
506 -487
-245 -321
-345 474
388 138
-127 484
-253 -470
-465 -414
291 -345
-476 327
200 108
-197 -300
88 -492
-379 414
-332 224
373 142
-269 369
-106 -439
-44 -433
-495 130
458 190
-320 -128
-460 471
493 367
-146 383
-191 206
388 -98
-133 -127
-173 -101
-155 -361
-284 -50
94 -292
-390 221
10 -284
-308 -422
468 -438
216 -333
-330 392
373 394
-74 123
417 -214
-429 304
-453 241
89 447
-104 454
-167 -445
318 -103
400 -358
352 -314
-254 -28
-331 -5
-254 -495
-444 -296
409 141
302 451
278 -196
114 -378
-81 176
484 -125
83 295
172 -157
156 -109
329 53
46 -432
-413 12
-404 -396
-276 475
237 399
-512 236
121 353
-246 476
112 -243
-368 118
149 -324
195 -372
79 -219
134 -10
324 -474
-123 -326
-457 -308
-43 180
427 203
399 125
211 15
379 320
-335 -468
17 -126
27 -400
308 -472
170 -501
427 -81
42 -287
-448 -393
-147 128
185 -261
-222 -27
-366 -131
309 -294
-288 368
-258 194
109 438
188 -25
160 -136
-59 -240
-509 -58
-322 -368
290 -481
-472 -417
-190 156
-287 -475
48 165
219 -351
-446 152
16 -166
328 82
-426 -138
439 89
-473 66
459 -2
-247 -172
316 -226
189 476
290 -254
5 379
-355 325
-402 -25
-436 35
-173 157
214 62
128 337
-340 142
-396 -116
-73 47
-233 409
307 -243
-208 320
-123 1
-245 -467
449 -1
-380 429
173 301
73 357
-303 52
-278 396
445 198
194 183
-492 -347
134 -137
-5 -469
-435 12
-331 -464
473 -318
83 407
-126 18
314 291
-298 255
-201 421
353 264
185 72
47 -294
-202 60
-181 -505
72 72
-204 388
120 410
-387 -307
256 -127
-217 399
-145 201
335 137
437 280
-87 122
-328 -455
179 113
-365 361
-302 -486
47 -52
293 -391
342 314
473 122
-390 502
40 338
-48 -81
-374 -367
-72 204
239 -491
-235 303
103 -75
-251 -289
-239 -389
291 152
445 353
86 -472
120 217
-120 386
320 -466
-469 -488
448 260
-444 68
-484 -212
-99 -131
419 191
-443 271
256 65
325 504
-357 -66
404 144
-104 -222
126 -138
45 101
383 351
-24 -369
442 -508
157 26
274 352
52 465
-354 439
-418 31
468 509
7 -102
-297 351
-116 -288
-422 -328
149 -2
-63 -12
-179 421
486 328
275 77
33 156
447 -426
-73 -324
-141 -251
-305 214
67 -14
60 -187
-131 -461
-148 -352
41 119
-478 -208
91 -359
-103 -334
216 267
-359 66
73 24
-498 197
228 233
104 -150
-193 -180
112 -166
444 -404
165 346
354 -474
370 357
-67 -370
-375 215
259 -236
454 13
-12 -424
-31 -23
-37 -176
313 -113
474 154
474 345
-221 -413
211 -283
277 133
-249 71
-87 445
-83 258
411 -466
-148 -21
-371 -324
476 -57
447 407
-237 -53
-315 252
491 131
-479 511
-255 157
64 -338
68 -498
-321 323
-101 155
223 429
137 282
9 17
479 456
-283 -25
-426 -323
-338 301
-440 -486
11 504
293 419
-349 -269
235 188
58 -452
145 -281
256 58
-19 15
420 460
-234 -256
-472 -459
-284 -226
411 -457
-480 496
71 -333
-3 -104
496 391
175 205
353 -19
177 129
29 -377
-510 12
139 37
452 431
208 -161
-462 -335
386 422
-460 441
89 31
-48 65
-477 366
-470 317
-340 -301
-119 178
264 -26
258 135
51 481
-81 375
375 15
-419 506
-448 329
124 309
-268 152
309 59
490 -78
279 62
46 -398
80 121
-223 487
56 303
-223 349
196 -506
-343 -352
373 -361
-52 -367
289 -265
218 324
489 -116
-143 24
326 -73
75 228
35 353
451 -242
-261 313
-313 309
-93 39
-117 373
141 230
-456 51
-171 217
-99 -144
449 -234
-319 500
-488 -450
-500 -87
390 500
126 198
-326 18
138 174
-61 355
-478 238
461 -491
-89 -237
-76 -265
120 429
-463 -397
135 -346
402 329
-356 -70
-247 -323
-370 -56
-467 -6
-277 -459
383 423
300 52
-348 215
-201 379
-95 477
265 321
257 213
-37 125
164 -96
-229 -314
364 124
17 -236
93 -349
504 -24
-421 -266
355 290
-90 67
74 411
-171 -23
0 -459
-447 5
374 1
267 338
-485 -329
-94 -439
489 169
-448 131
-16 359
-285 44
17 139
-344 -405
192 -282
404 50
121 -471
-40 442
135 -7
-116 -366
87 -145
189 -38
500 173
95 -289
383 -119
-417 -323
-158 268
-57 279
280 -156
57 -122
-359 469
-81 -77
224 -180
-501 462
-222 280
406 -208
93 -352
-497 -426
-350 -385
403 71
276 -171
-326 -35
-476 179
-201 10
283 -368
-176 50
-236 -191
-509 -141
158 -314
-421 -301
56 254
8 315
-72 -27
477 26
263 376
280 453
283 -389
-461 -240
-314 -72
-33 192
-481 25
-286 397
197 -378
164 -388
-402 -189
226 -146
159 -448
168 -380
-347 -317
242 -375
-351 157
180 271
-218 120
-273 -453
-404 430
265 -504
-304 73
-443 41
-155 506
-72 -464
24 -464
-431 174
-131 -128
188 469
-177 127
374 -256
-88 -459
20 240
-86 185
384 486
146 156
-327 -120
-389 401
351 -236
-298 -295
-472 228
190 -259
-152 -329
-452 308
-16 78
-423 300
302 -305
-168 -262
-456 509
437 -310
296 -233
-87 127
70 -47
140 -143
-446 -7
33 14
382 89
-455 508
-34 373
-22 -337
62 492
416 136
-410 -257
-270 480
215 140
-321 -119
275 -336
-414 -361
505 -304
-304 -153
-410 448
-339 414
382 450
427 -167
182 -498
506 -455
-368 -87
202 -39
491 85
474 448
38 -450
208 -442
-101 501
452 181
503 -4
-475 252
88 222
227 -315
-258 302
-378 0
171 -429
-464 -449
33 190
-372 -151
157 -502
-144 -363
-148 53
195 -373
-33 -124
-77 72
366 313
-98 -243
-28 305
347 202
-511 211
-203 -290
18 133
-220 -108
232 -342
-330 -277
-398 9
275 456
-99 -24
-332 263
-405 73
510 1
-72 5
239 -136
416 353
443 -413
-143 456
-30 -357
-1 -219
430 -412
-292 504
-313 369
85 -239
279 -89
-174 -210
470 -220
-346 -443
202 489
-170 -220
146 348
-39 143
-418 -426
428 -446
154 76
-420 7
-299 108
298 55
-325 -448
460 -252
-155 -484
-120 -377
-332 -180
430 -77
-293 442
-61 -417
22 -424
173 302
431 299
-496 313
446 -238
-237 -414
25 1
387 394
42 446
-336 45
288 30
284 110
-346 -170
353 -322
-70 -178
-295 79
203 -143
490 373
-39 349
-124 -272
-388 -407
25 -25
-123 73
305 -345
-244 -391
-312 233
381 467
-432 -370
15 -299
315 -71
-99 16
-393 480
-342 -224
155 16
-493 425
-54 144
-101 386
-194 -133
-391 -136
-111 -207
81 24
250 226
97 24
-49 -437
408 -489
-303 -458
406 -219
475 361
-79 -450
-33 217
-512 122
-78 -490
361 300
511 122
321 237
-58 -442
357 -213
114 494
177 -158
130 221
-220 277
-92 -268
-303 -78
-388 47
-293 342
252 375
71 301
-29 18
365 -152
330 264
-354 92
-390 477
-368 386
-271 197
-311 427
306 -234
-286 -184
-169 433
165 464
417 245
-216 -212
-119 160
-223 -348
-246 436
-53 265
-13 -149
-129 -201
487 51
410 -52
66 -189
-205 -21
-463 400
-13 45
-14 -421
329 -24
453 -28
128 307
-364 -346
34 292
316 205
-433 91
261 -39
503 -76
-253 -306
381 9
202 174
482 -64
398 -260
168 496
444 318
-109 -501
92 453
503 56
-177 -507
273 -430
318 454
227 130
-439 -77
493 245
344 267
-218 88
-6 -246
63 318
-390 240
-122 -431
-50 167
-326 -41
140 -447
-9 -399
165 -426
128 220
-73 397
295 -125
308 -314
-152 -407
66 -291
482 217
-342 320
343 -99
113 116
-267 -339
-122 4
285 306
-453 -453
-447 -255
7 -245
88 -511
-264 -228
64 52
189 -480
-376 -457
512 459
221 34
-214 428
130 -481
426 329
-345 412
-396 -411
-269 -273
183 47
295 339
-392 350
278 -268
-279 -47
268 -24
-393 -256
474 449
-441 -37
264 -336
-430 38
113 -323
382 -282
436 379
286 -156
79 -177
-441 208
-111 -360
39 -282
-509 -281
-447 280
-292 147
-52 222
-346 -333
-147 284
9 214
-134 166
297 65
261 296
-148 198
-113 -157
-297 -177
-165 -402
-509 136
431 2
269 463
-163 -395
-362 344
-244 281
297 -391
-13 -285
245 443
-251 334
503 504
-416 -464
18 -262
-241 -352
479 -481
191 248
374 89
179 87
289 313
368 -36
458 26
70 -446
300 -196
-221 479
259 -272
-416 294
102 422
-401 209
103 -436
12 54
105 284
432 54
335 291
344 -36
-31 -367
376 -84
343 401
-77 378
-380 -425
-293 -75
85 340
-289 376
-457 -259
261 446
35 -264
396 250
324 -432
155 -391
-341 -87
-232 392
251 317
212 -108
-485 -226
-422 510
394 -463
-162 -494
251 109
223 -318
-145 28
-389 85
422 321
449 258
32 396
255 459
-24 -316
-413 -342
263 99
375 211
168 -64
287 180
153 376
-129 148
128 -456
-28 -45
382 -204
-113 -362
-409 256
312 505
-90 -464
353 240
-240 443
148 379
-389 -445
285 159
451 69
497 -386
481 294
111 -17
-109 175
153 -13
170 152
-369 -200
-29 -78
-352 301
11 413
108 8
457 359
247 224
13 4
-102 -267
-251 -306
416 -202
-62 330
37 333
-492 -151
33 -511
333 -235
-175 -255
-268 -358
327 188
-196 176
-170 -257
-348 -89
-132 42
-24 229
134 160
-27 -17
435 55
-295 -462
394 191
198 -258
-280 -225
134 309
60 -202
70 71
-170 -145
-41 -258
236 -255
413 35
376 -115
499 177
-498 -251
-472 -166
293 -173
-89 -66
-467 119
278 343
116 104
-338 -339
389 316
453 -394
-304 290
-149 300
261 320
330 -262
3 326
401 446
-371 -450
-396 444
-417 -50
333 -26
-41 151
-429 449
195 379
-6 371
384 -104
93 -12
-278 364
-48 -296
-214 247
46 -406
-473 441
-490 -319
429 274
224 -400
-427 -379
22 96
-374 235
-121 -110
-475 310
-354 -201
506 -440
104 5
-48 -306
-257 405
-169 -178
246 122
69 -21
-227 -329
-507 -404
242 -146
291 22
-59 -276
-187 465
410 179
-72 -442
248 38
-25 454
-433 -115
-447 -156
-368 -85
43 423
490 -356
491 35
21 -365
-511 247
-473 -242
-202 151
81 -467
-258 49
-366 -105
303 230
360 -137
75 311
-392 272
132 267
39 -199
273 34
241 283
38 -257
493 -283
-262 -199
-219 490
-246 454
367 -402
-231 -334
-385 -500
-79 -306
325 -185
70 204
368 -456
72 56
252 503
160 141
194 401
-61 242
219 -243
270 261
-355 -330
-55 270
350 241
440 -249
235 287
423 409
-488 84
350 -422
115 24
-477 363
-207 -111
-423 162
437 310
370 289
-190 11
82 242
510 -164
-289 -447
170 -361
-383 496
236 25
464 219
287 -56
-430 3
-403 436
-475 -13
506 502
-244 -504
337 26
350 419
446 -386
-88 -25
-110 -212
252 -18
458 339
-395 451
-163 -98
493 333
-132 222
426 246
71 157
457 333
-293 491
257 349
108 508
-161 -444
445 -183
-377 48
66 -401
2 -9
504 -418
-156 494
-52 141
494 153
135 335
-276 46
281 -273
-417 219
-6 -137
-161 32
-32 -211
-258 120
396 -341
-111 393
-99 425
-166 -364
-334 258
-323 -435
-116 -192
-368 -80
-150 -186
233 34
-348 -188
471 323
457 -133
484 404
339 -280
-284 -81
348 269
135 -251
315 106
382 447
-441 -156
-506 -408
2 -283
207 108
175 238
33 330
157 332
-139 -277
475 339
228 385
-400 495
-224 -9
-397 330
-72 -414
-338 380
-399 453
-499 201
490 -439
-291 110
204 247
-493 -310
457 345
-309 -36
-434 110
-317 86
-493 140
-344 -123
483 -511
-510 17
-156 354
-409 -34
-45 468
435 12
-490 -118
-272 -313
205 4
1 106
-359 -218
373 -93
17 378
140 -302
-170 143
249 -227
-171 402
223 71
463 -220
-404 -298
-10 346
215 118
-324 474
467 -442
-216 -193
-11 162
465 -12
220 -151
-202 -309
61 -69
143 -318
-74 -508
-138 -276
-47 39
88 -507
478 -48
387 414
304 -46
-236 438
231 89
-411 -396
-96 497
-110 37
-64 474
397 383
-273 512
-452 34
241 415
-185 -485
255 -220
141 378
244 -58
-321 -401
211 503
-366 128
393 -412
-503 -4
-356 -52
13 229
456 334
372 -195
-459 -359
276 204
-417 170
459 320
-279 -311
-221 89
-289 -324
267 444
-120 230
207 182
380 -292
-428 -107
394 -329
346 -391
-384 -89
-181 -24
371 -392
87 -84
-397 -401
280 -172
186 -184
271 -295
-432 -437
41 357
141 -276
-176 -399
-387 237
-47 71
243 -22
423 -242
-503 379
202 -232
-461 204
-92 -40
-250 124
487 -107
510 238
-194 85
126 156
-397 -301
372 -3
-484 440
190 22
-222 -275
-351 15
-299 -159
370 -162
338 -469
289 482
305 428
-460 -163
-53 -169
-380 225
216 -344
-175 -413
400 -140
-64 366
346 230
-304 -318
-461 414
-289 502
-187 365
46 54
-409 -328
-51 -495
107 -190
444 181
-226 -255
-352 5
206 -297
441 -123
330 184
-164 -490
103 404
22 459
-474 113
-387 -255
-379 -496
-219 368
291 443
70 359
166 171
381 -371
-233 -466
-251 469
186 -69
-451 -192
-106 -118
281 -5
30 151
288 508
116 144
-189 379
326 -50
390 482
63 193
-303 418
-344 -232
-450 370
-479 442
19 483
-448 251
-365 33
158 449
-305 90
-489 -165
149 -91
-213 315
463 293
204 416
-295 7
-377 -91
432 -343
-310 -232
434 -187
130 -80
-354 25
-72 437
224 155
49 281
-255 -448
490 -458
-211 -491
-92 -208
376 374
-371 60
44 -370
485 -311
159 -366
-238 -227
-360 -30
-5 -474
-361 -55
53 -236
-144 -236
133 191
-145 -367
379 426
5 -2
-299 -243
88 -180
359 287
-26 -63
-333 -57
207 -52
321 -441
-260 490
127 147
-474 -48
-13 -459
214 -353
429 90
385 -243
-147 -225
430 401
192 -465
-463 -480
2 -172
10 105
386 -357
-65 -322
-36 181
-17 -80
-248 31
-385 359
-250 271
321 492
-139 -129
73 281
-254 -206
-307 -431
512 -88
-314 -128
-337 -278
-240 164
239 39
-415 83
307 -208
509 -369
192 -428
193 432
-140 -309
328 -491
462 -224
30 440
-81 166
-296 -123
99 -72
164 -63
282 164
-118 294
-70 124
-92 219
223 317
-420 -273
248 -434
-419 482
450 -133
-487 25
447 213
-39 -386
-512 -283
219 -435
-59 11
-212 6
171 197
59 395
453 72
-409 228
-441 -195
430 460
358 -122
-65 285
346 -207
-67 -66
-223 172
255 -96
254 466
-363 484
-368 248
-288 -39
300 -317
34 471
176 -242
-188 -143
61 -18
-156 394
-300 -334
446 -38
206 -323
370 -134
357 -486
362 -337
-435 -346
-358 176
-287 -36
391 -50
146 -157
-43 -275
-499 -243
-242 5
308 -31
-87 63
381 -462
-395 -502
-437 428
453 -83
-304 52
308 -38
410 286
34 507
493 -245
197 -366
-199 -456
426 -19
-413 284
491 -7
-172 315
-257 42
-21 214
235 -437
-335 -249
419 -389
433 -17
468 -135
204 459
126 414
237 13
-326 189
397 -398
378 -106
-158 -206
174 4
-68 303
407 469
247 55
59 212
-473 -119
-105 -408
-86 401
199 303
-410 -179
46 -116
-224 -125
435 -505
-81 182
-61 -372
-455 -7
-191 -123
244 -134
-121 476
-227 -110
223 -126
-233 -213
-379 -328
-339 -415
-41 -414
166 -67
436 -477
208 10
331 -247
494 -189
-387 -411
373 -364
119 -167
148 213
-448 -488
33 -414
-282 -200

