4946 -11658 
-7761 -6036 
-14047 -22325 
27569 -6960 
1383 -4055 
21247 4544 
-4873 -19077 
-7403 -991 
-10705 -14557 
422 10464 
-4559 13972 
-32446 -3367 
4534 -8949 
13444 -19479 
4485 -2655 
6148 178 
3532 -15152 
4919 -12091 
-6548 1274 
-11548 11911 
-20891 -8821 
-14588 -11054 
-26066 -677 
-23363 -6907 
-4287 -12666 
15228 1915 
4809 -5890 
-15972 1422 
-4786 -22124 
-15084 -16196 
-5285 18582 
1533 -9902 
-4375 2644 
-14429 -3423 
-12128 -9405 
5066 -13907 
32767 -4243 
1697 32767 
6309 4394 
10299 7420 
-23928 19263 
17171 -20720 
-4320 6288 
-313 16761 
8479 2873 
-18899 1244 
28632 -3269 
-1323 26757 
9623 23301 
-2435 3004 
-3285 -5296 
21317 13668 
2799 28981 
17528 -9275 
-488 -2912 
22311 -1406 
2067 -16544 
2450 17806 
-9641 6803 
-5289 10008 
-1479 3340 
576 7414 
23927 -10599 
2500 -6440 
215 10285 
1465 -9271 
1785 8577 
-7907 19284 
13254 18936 
-16378 10510 
-13835 21261 
-16036 10006 
3857 -8133 
-3703 13481 
-569 14493 
-14601 -3149 
-3377 5304 
-3070 -3575 
15787 -135 
-17635 -12364 
17964 16443 
4166 13001 
24619 -3842 
-7471 11586 
10309 6782 
26537 -3598 
10255 147 
-170 13343 
-29982 -386 
-5902 24872 
-26371 -11135 
14596 -7708 
960 -26984 
12204 -10504 
-5361 9543 
8074 3437 
13878 -7467 
15169 2096 
-2916 2286 
15292 8632 
-29686 -11599 
14735 -14756 
2893 9679 
-61 -20663 
-16645 1018 
8163 29089 
11689 1209 
-19779 18450 
-15396 19191 
6139 -24435 
12575 -1974 
-5896 14480 
7751 10115 
-121 11582 
-15567 6322 
1062 -421 
-22691 20383 
-3951 15041 
-16702 -334 
6690 18465 
605 -23114 
12959 19702 
-811 3641 
15113 9253 
-12182 -11584 
-529 -12605 
-13471 6644 
11590 2688 
396 -8245 
4878 -8018 
277 8225 
19682 6696 
1513 6113 
8876 -19846 
14286 -7439 
6525 188 
-1965 -29381 
-7159 17705 
1706 6384 
14528 -5679 
-970 -15250 
-512 -13491 
-523 -32457 
-18569 20643 
5073 -1561 
-13650 -23361 
-12184 -13603 
-9331 10913 
12227 -1557 
-9768 3369 
-22753 -19720 
-1773 -22605 
6665 -17014 
-10678 25693 
-13038 -8906 
11316 4314 
8401 7708 
-2589 -12938 
12755 7557 
-1435 -14622 
-4785 -26921 
-9592 -6262 
-5052 -3804 
-3526 -17917 
-16351 12581 
910 3494 
-23101 -19549 
3639 -6407 
8425 513 
-22100 2917 
24204 12335 
8914 -21220 
24565 -9254 
19741 3800 
-12295 -8007 
-22976 1449 
1773 -14954 
12066 -32179 
24628 18692 
11042 -20728 
-2140 -483 
19351 -4184 
-28481 2625 
2493 11112 
-11670 4645 
-3014 -2500 
5905 -1435 
2520 7925 
20172 -7033 
4881 -2621 
-8600 21758 
12499 -17752 
3116 -202 
-21001 10108 
2782 -13730 
22824 17897 
8225 -19859 
-16204 22917 
-1791 -1024 
-18608 8254 
6271 20872 
-2202 -32768 
-6795 13421 
-19282 8268 
-4700 -967 
9292 -7250 
-5086 -1186 
11733 -5107 
-31553 -8190 
2679 -13682 
9700 -27480 
19858 -12545 
-975 13552 
-30972 -1829 
12147 -12666 
-13406 4007 
-9297 13025 
-19735 -11930 
13840 -2505 
16874 -17732 
-8080 18241 
1603 18711 
24019 -4998 
8918 -1822 
8091 -1694 
-6748 5707 
-1969 54 
9123 12406 
-5844 30418 
-16081 -13754 
-6257 -8823 
-6255 -5119 
18665 18834 
18666 -29979 
6343 -171 
-5578 32767 
7973 7652 
8128 16634 
3778 10021 
-6905 1157 
12866 6492 
-3769 1136 
-9810 -13390 
-2386 10228 
-8266 16713 
-3206 27427 
-7980 -954 
-18633 60 
-28652 -7487 
-8541 -9307 
25372 -21637 
-3786 1068 
-15369 849 
-16909 9678 
-27149 -19906 
4211 13821 
7819 -12508 
3603 -6255 
26210 10154 
-834 -32768 
-5530 -2843 
3254 -12542 
-6642 -354 
-3838 -9046 
-439 19761 
-8419 -2687 
-8380 -12596 
5004 13328 
-66 794 
-529 -7907 
-8001 6637 
-5347 -6513 
580 -2323 
-91 4597 
-8604 2061 
8298 2010 
22656 11896 
-5495 32767 
-13634 1568 
-20255 11815 
-22380 13218 
13032 4707 
-750 -11806 
7242 -8772 
17070 -6858 
4971 2398 
-16468 -14861 
4173 4938 
-10133 22974 
-23792 8406 
14651 -10526 
-5864 20919 
-6263 -24147 
-10860 -8821 
-21019 8828 
4838 18065 
-4877 16102 
-2850 6283 
-6094 -16278 
819 10535 
-22691 15645 
18114 713 
-15669 -2529 
-5908 -9625 
14021 -1861 
12417 -24720 
-11566 4008 
4663 -6310 
20240 30388 
-5082 -2804 
5725 -20982 
22237 14028 
4647 -12627 
14515 622 
22709 14381 
11693 14011 
-4534 -7816 
688 6318 
8122 -10471 
-7032 1538 
-16160 -950 
-3203 -14565 
-8589 14401 
-10961 2302 
13282 -2808 
-6901 -23714 
20168 -15125 
3235 -8676 
282 16488 
25405 12124 
2684 -108 
-5570 1026 
-797 12081 
14154 1975 
-9503 -15068 
3550 -7831 
5540 -2873 
14478 9682 
12675 -9936 
25120 16806 
-20879 14670 
17758 15568 
2835 -25408 
32273 -20655 
-36 -12443 
-13633 2975 
23624 9817 
-32768 11962 
-5783 -10124 
10509 7289 
-19404 -9617 
8175 -7362 
-16253 -7292 
11743 8192 
11718 6590 
-2452 16653 
-10163 32015 
14979 -10048 
9499 -22014 
-4071 7756 
15379 -4733 
-19082 -7002 
4687 13791 
27736 7404 
-18699 -7761 
7023 11825 
-24604 25312 
-11299 1560 
11698 -103 
7576 -1006 
-10799 28408 
17174 -26425 
8920 -13072 
-57 476 
13451 -12063 
31794 20479 
-14585 9998 
-6554 18391 
14861 -7427 
11605 20802 
-4938 765 
664 11578 
9020 -2820 
-20620 -3966 
-4926 10039 
-2275 -24240 
4437 2026 
6087 -4619 
-19040 -18726 
13175 -7803 
7706 8200 
2451 16265 
2112 -7876 
-1556 -13696 
8634 2734 
3456 8191 
5997 -14866 
29823 17338 
544 -27446 
21202 -10372 
10773 -21578 
-15327 6152 
13450 16107 
-8254 -1344 
6338 -27037 
16605 2654 
-1301 9342 
-9418 6305 
17045 -5972 
15757 -4982 
-2607 6393 
-2663 15084 
15939 4608 
-6738 -11965 
-9223 6721 
11342 -4063 
14361 5969 
25104 -7790 
21623 -1905 
-12154 1489 
8696 -4528 
12833 -596 
17713 16992 
-13312 -1000 
-18910 -11400 
-9660 -5555 
15848 -7129 
25752 21387 
-6720 23276 
11715 21532 
-3605 16996 
-8301 -2380 
-10216 12041 
-4911 -19637 
-17548 -8504 
-9011 -18763 
-1714 380 
6854 2025 
25827 -668 
1621 -16883 
-5039 4536 
1183 10560 
-22086 1024 
18426 20823 
-18010 19360 
8077 3517 
-507 1386 
14506 -8538 
6482 9228 
-1746 -4068 
-9750 -5969 
-19406 -20664 
14217 1951 
-334 -5542 
10619 -6699 
-30381 15211 
694 991 
14397 11290 
-22981 -18137 
14214 8384 
30796 -18576 
-18805 10173 
4799 -24218 
8638 5607 
-1088 9441 
-13741 1598 
-995 -2316 
-8570 -239 
-5439 -5891 
672 -7639 
13758 -11794 
-374 406 
-11631 -693 
16565 2643 
19437 -7992 
-1380 4276 
17911 -8407 
-6314 5605 
8871 -12046 
16988 21891 
-27452 4530 
-1661 -3773 
-6293 -12470 
-2860 7981 
1377 -3059 
-9831 -17542 
25126 4297 
32767 10964 
32156 30605 
7049 -18150 
2254 -7494 
9680 393 
-10290 2714 
-27946 1440 
-143 6676 
-3454 -10986 
2382 -765 
7542 3491 
-5192 -8296 
-12299 -9027 
-15586 -15548 
11281 -4807 
-5188 -4248 
12387 -22031 
11407 3153 
-15374 -16282 
-12106 1632 
-439 14145 
-20874 1038 
19882 2631 
-17590 7914 
7487 8429 
-11130 3241 
-6759 10766 
12414 -7496 
218 -3432 
5198 11582 
-10835 -4010 
-1136 19736 
-9979 16535 
32767 -3083 
-27939 -164 
1864 -1479 
-19894 -8175 
-4678 9126 
4391 11862 
-30627 17631 
15262 1724 
-16306 6061 
-10861 709 
-2601 -8017 
10566 -24143 
844 -7413 
-8489 6928 
14856 -11017 
-3325 9620 
-22532 5640 
10621 -4306 
2015 8648 
18597 7292 
16103 18302 
-15583 21455 
13089 18972 
-6376 -13736 
-21100 27739 
919 -8781 
-24620 6382 
3662 13192 
7688 6654 
8480 17770 
-3451 -3659 
-3136 7552 
-10244 -14493 
-5987 4802 
9491 4124 
12435 -11930 
30675 14441 
-6197 -13082 
-13115 -3034 
1934 3156 
-3486 -14548 
8172 -3033 
8471 8221 
-15354 4077 
10971 -26877 
-6646 7142 
-18446 13495 
-7882 16449 
-14990 11560 
-14773 -4552 
-5317 -3664 
-2220 3320 
7397 -10965 
-26568 -4166 
15893 5485 
-1848 -2701 
-11052 -7294 
5059 -2765 
24972 7897 
2417 -4863 
19896 -8988 
-4960 -19005 
20704 3160 
25869 11526 
-23966 -4260 
-804 -1548 
976 -19411 
3377 -1651 
-10942 -5049 
6066 1796 
-20093 -26543 
-22194 5750 
-2187 -15568 
8249 6026 
-8574 -15010 
21047 -18574 
-24972 7803 
16126 -9391 
2215 -26215 
-31495 -2734 
14101 5444 
-106 8323 
-14277 -12118 
-13499 -10104 
3282 3391 
-15747 -27616 
7526 -20162 
-8780 17910 
-14819 -7688 
4451 -5204 
1733 -22486 
-8717 21864 
-30944 5435 
-19390 2855 
4559 17408 
-19582 -2654 
14163 8800 
21266 4682 
-26022 10265 
3286 -10 
13679 -3648 
-7208 -1506 
13744 25392 
-9513 32767 
25324 3044 
14577 -490 
-7362 -32768 
4418 7997 
-25659 -11586 
-11128 -15129 
-9512 31935 
18888 4982 
11893 8708 
2082 -9032 
1762 16726 
-7080 8032 
32511 -248 
-15905 -2024 
-7215 -7922 
-10883 12744 
211 -10654 
-32768 1207 
-10017 -5230 
10436 -22985 
1759 -3681 
-19816 21673 
-18036 8017 
-16463 14328 
-3155 5634 
1700 -6060 
-11361 8680 
-17876 22704 
23676 -25112 
7948 16529 
-1987 15482 
1575 4372 
-5431 -17984 
7192 13339 
26522 -10300 
-1884 23465 
-5882 -13678 
-10297 -3356 
-4132 -25873 
9399 -20373 
13252 -12382 
-10834 -5841 
1115 32767 
5765 -32768 
-21332 29113 
26180 5129 
-10810 10217 
14864 -1073 
-16378 -12796 
8804 -6039 
-17885 30852 
4562 -2642 
-4312 -1535 
10717 -8690 
18836 3378 
6063 29637 
18116 -9676 
1325 -12920 
2543 -19654 
-17903 -19802 
17904 -10854 
32767 6309 
2125 -6057 
997 2676 
-26523 11155 
-4232 9373 
1280 -8416 
-7208 5416 
1461 -8116 
-17788 9883 
-8590 -10535 
79 -14863 
17065 8168 
13873 -7093 
1578 -16134 
-1640 3423 
-2387 -10345 
-17370 -4442 
-13075 -23028 
20246 -5831 
22942 13819 
-12905 -23355 
-7246 -18300 
-6744 -4342 
7866 2085 
18516 -4617 
-12884 -13819 
-13559 -7811 
6370 1544 
6511 -10342 
7954 -18899 
4129 -12089 
4383 -29590 
-17165 12020 
2418 -3361 
-27896 -20785 
-31714 6980 
-9018 -7635 
7786 7752 
-10000 -18223 
-9437 -5097 
-6403 4286 
-1753 -23920 
-11922 2484 
5847 6214 
14279 13356 
-5615 9259 
-3481 8630 
-1676 -2152 
2991 32767 
3110 -7000 
15754 8966 
-7720 -7602 
32767 -1741 
14453 -5605 
9943 -5167 
13892 -18364 
-2516 -8132 
12030 -89 
7576 -60 
-31315 -2824 
4115 -15342 
19673 9807 
8984 19629 
11643 -6486 
-5666 -13061 
-18550 13617 
10042 -8955 
-19023 20030 
5208 16204 
26167 16784 
10088 21561 
-8760 -9093 
16490 32767 
3973 1518 
10548 -4191 
16016 -4323 
-1509 -14983 
-11034 -13055 
-1388 -4098 
-2566 6586 
3327 3722 
-15391 -8257 
2292 -11008 
2524 -9203 
13244 -16304 
-15102 -18723 
-8606 -7925 
-13133 -10783 
14901 -13203 
-19838 2530 
10403 1370 
11554 -8307 
-16560 -991 
-1558 3184 
-19363 -4500 
19960 1243 
-4370 -8834 
-12382 4853 
9121 -8006 
3730 430 
9581 -16599 
9312 -8670 
14328 17976 
13054 21068 
-25760 -1732 
-1387 -17228 
-4736 16142 
-2626 5969 
-15736 -2538 
-17581 8273 
32767 4304 
-15764 -11660 
-20620 -7964 
5316 1062 
3389 -3104 
-22553 30 
-24489 -11476 
3442 11133 
-21870 -21783 
-5260 -10841 
-6796 10195 
2931 -7663 
15147 -16750 
-14510 -3846 
14434 11521 
4150 8576 
4077 1533 
-2661 -20445 
10964 -9477 
14341 5659 
-15346 1885 
13192 -15272 
14428 -17625 
-85 2002 
8263 11332 
-13846 -15123 
-420 -23393 
5569 4990 
-2872 6555 
3256 4633 
6238 4054 
16804 -1004 
3162 -11505 
-1701 11294 
-2466 23881 
-6466 -5768 
13277 -21835 
-2199 -4231 
-4927 23711 
-10261 12804 
-17455 -23554 
1540 -4123 
-11525 -8461 
-6252 459 
5401 -7856 
-7051 -8892 
4846 9829 
372 -3831 
14171 6317 
-12929 8871 
11635 8508 
-11779 5221 
5712 13864 
-3877 5676 
-8600 28811 
-4687 5947 
23231 12087 
-2511 -4984 
1876 13338 
7461 -8864 
-17288 -9600 
19419 4212 
-4927 -5399 
751 4714 
-14912 -12557 
9962 -22879 
18062 -6547 
-13196 -4514 
-1086 -6520 
-32768 7891 
8933 15574 
-2354 -5140 
-7720 -18712 
-26672 19777 
-6012 -11755 
-5683 5333 
-3497 4526 
-5420 -24754 
-9628 4219 
-17815 -1465 
10300 -1757 
-1488 -5028 
-15165 -16834 
-25913 -6544 
-21820 1080 
-21252 8273 
2321 16087 
30287 1585 
2932 -17426 
6284 -11892 
5011 7628 
4270 11964 
5308 26171 
-3508 -10255 
-1414 -6600 
-3509 15360 
15720 3776 
-17290 13488 
3818 -14292 
6901 14998 
-9269 -9002 
-17318 -4936 
4516 -20939 
-20192 -12511 
317 1186 
-631 25040 
9142 -5038 
4646 -32768 
9606 12862 
7259 877 
-4309 -10737 
3231 -4388 
-16447 2830 
-12365 952 
15310 14411 
-15239 -26110 
5997 -18619 
-16829 -26307 
-4829 -3124 
-32768 12940 
120 -3960 
-9874 11109 
12705 -4348 
11060 25550 
17099 -13283 
2229 -7400 
-9604 -19666 
19605 -6470 
5649 7840 
-3102 -16461 
5227 -14167 
8251 -2659 
201 5523 
-1199 -9836 
29239 -20255 
4190 -8808 
17555 18290 
-4877 -3042 
-12297 4383 
1059 -2364 
-1523 -24407 
13323 18294 
25122 15524 
-16874 -3609 
-25526 22032 
-10981 22970 
-7308 9255 
-10422 4851 
15479 -21958 
-32768 903 
6943 32767 
-8255 -854 
4400 7935 
-11324 2695 
24250 -2551 
1481 -27368 
-5395 -5765 
9527 24198 
5772 27678 
-5349 -4770 
26518 -13754 
-10483 6945 
-16613 -19626 
10248 -20308 
17255 1688 
-14104 13211 
2505 13733 
-7116 2668 
23572 -21184 
2108 12558 
-211 -3933 
149 -14689 
791 71 
26572 -11380 
18599 -9288 
-13140 -2890 
-8762 -537 
11954 1688 
-10528 11991 
-4511 -21142 
32767 7241 
9474 -12925 
-4156 1521 
18351 -8500 
1987 -5537 
-13096 -17686 
25878 -4927 
2252 -7006 
-11256 3357 
-6848 14490 
-32768 14499 
14230 8589 
32767 5502 
15620 4142 
32767 880 
11721 -6457 
-14377 10636 
-13731 -8959 
-19461 15734 
10382 -8250 
-17286 -6897 
13568 10594 
8778 -4596 
13717 -3190 
29503 -11695 
-17054 -28580 
-302 2795 
19169 -4129 
4839 -5715 
5165 -6650 
-15402 26772 
7963 -17680 
-3163 -15605 
32767 15838 
6605 -3269 
13820 10455 
13710 17002 
14303 15979 
-15334 -8171 
11389 12922 
-2066 -1430 
-25072 -5650 
1171 -3168 
-11763 5832 
-13769 -3371 
-15578 7088 
-20762 -5353 
6765 -19794 
3661 -3186 
-66 22980 
8399 -32698 
1425 -22663 
-6151 8968 
-41 2341 
-26721 15420 
-3021 -2157 
-4965 -2891 
-14931 19993 
-12918 6162 
12979 -12210 
-5314 8485 
-432 -17953 
-24618 7299 
2215 -14757 
2924 -1886 
4980 -11344 
-2671 21897 
17984 1392 
-1030 -3931 
11285 -7449 
20656 -16122 
3004 2521 
-7881 -6449 
-13047 13834 
-3440 -7929 
-10871 -3802 
21578 -9224 
-1062 17726 
-2690 14834 
2467 -17610 
-22215 -13476 
22767 -3396 
7337 6463 
19006 9597 
-1674 7579 
-22137 -16861 
-13593 5785 
7605 2906 
9561 18824 
10966 8317 
-2757 6040 
-15462 -13784 
-11291 7827 
-441 7895 
-15849 -8108 
-572 7619 
6419 -13747 
12141 9079 
14575 -10986 
-19413 -2658 
-9447 -8110 
7607 6921 
-32768 18355 
19214 -4722 
21491 -5210 
1813 952 
-6098 5972 
-9749 -3221 
3327 2324 
3089 3556 
-7016 29714 
3383 25245 
-9332 -13400 
-6137 -13859 
16923 5163 
14587 17457 
3543 -4442 
-8742 5754 
-8116 5692 
9637 -1767 
13118 8110 
-9449 10885 
-9983 12335 
16169 -8943 
3513 20053 
-27175 -6898 
-3674 13837 
-10537 -4131 
14157 -13870 
-7156 10059 
258 5 
9291 16444 
-11329 9388 
-22613 -7176 
1835 -32768 
-2189 4189 
-9498 1607 
28806 5402 
-18692 -3694 
20033 5293 
-13528 11294 
15724 -16200 
-2366 3268 
-9459 4481 
1492 -3533 
15024 369 
-8909 9446 
-13122 4956 
-25418 184 
-8500 8149 
7787 964 
-7041 -7781 
-23091 -14945 
19225 4260 
13605 19517 
4851 -10611 
7731 -9354 
15662 15359 
-11487 -8387 
-18865 -7406 
13674 15010 
5929 1731 
-317 -1950 
413 -4236 
5540 2547 
-21251 3365 
-3997 5693 
10778 -20814 
23164 -3617 
473 2140 
1971 15650 
11983 13781 
-9891 -7845 
-12510 -18010 
4277 -26165 
-1571 -10558 
2692 -17332 
-13762 31581 
4640 28572 
9685 4551 
-13844 14912 
-1021 7741 
7962 -19126 
6702 -10367 
-14471 2156 
-20783 1593 
-16719 19841 
368 -1674 
17956 -7797 
28550 -10506 
-8394 4385 
-9987 -6405 
-23843 -6587 
-13023 -8197 
16036 -22775 
-4070 -5277 
-5843 9929 
-10483 883 
3816 5901 
15781 -1700 
11173 23195 
7381 1200 
2444 25317 
3526 -8726 
8708 14508 
1583 11100 
-21431 6372 
-24683 -16555 
-13661 -2572 
-14197 -3109 
-2962 -9210 
9166 822 
8966 -6531 
-737 18957 
-3772 -1226 
7829 17233 
-17339 13603 
-20071 12957 
2208 6467 
9318 27445 
2462 -9648 
-11441 15494 
-2513 -13154 
-11471 11311 
9828 6149 
10101 -9196 
19084 -10953 
-5038 -2016 
10648 -9222 
8350 2885 
-16569 -13052 
8391 2191 
-14001 5860 
-2520 -3273 
-9784 12340 
32767 -15025 
-8180 -18003 
-19602 7647 
4983 1619 
-4624 1984 
-711 8820 
8546 16520 
-17229 -2822 
15132 -8926 
-5474 6601 
1073 14129 
-4742 -4555 
-25375 652 
13162 -4922 
23577 -6924 
4308 -5664 
-12819 -27737 
-13406 14902 
-3594 -19107 
14496 3310 
-9602 -5510 
-8109 22429 
3513 -3542 
-10817 -13956 
-10592 1710 
-1228 -16097 
3849 -14948 
2452 12745 
-9397 -9498 
11428 -9569 
-3503 10225 
5259 24716 
16880 -2863 
-4048 8128 
-7148 -145 
16671 -15281 
5709 25488 
-9948 7894 
-31783 -4170 
-3432 6647 
-15331 -11188 
-11323 -8282 
-7364 3620 
-9301 15696 
-14381 -443 
-9993 -2779 
3063 6402 
30042 -7903 
4479 4109 
-11592 -29309 
-22947 2024 
310 -23046 
17126 6853 
12567 4457 
17466 -4336 
-7221 -6582 
10880 7552 
11626 -26200 
244 12315 
20326 -5989 
2876 -5592 
9327 11716 
2134 -25087 
-21953 -17421 
9368 -5771 
-8732 9352 
-6111 15539 
-12899 -5840 
-6607 -5452 
-3261 -19501 
2199 12976 
32767 8487 
-10034 18004 
4594 -11735 
-6848 27939 
-8222 5850 
-9308 -7156 
-24988 -3558 
8573 20459 
4815 -3867 
-3860 -11094 
-17080 -13116 
-10348 8684 
1613 32767 
-12801 6221 
15315 -18831 
-12822 -12511 
-3605 -24659 
80 -9095 
-2946 -10328 
-8422 -10152 
25389 -10393 
-12316 12714 
1805 19663 
3998 -16098 
-15074 13873 
27554 10292 
-15106 19846 
9140 3888 
-1923 9084 
2124 21785 
6971 -18228 
-16233 2948 
-14848 -8924 
-5747 5382 
-3820 -28431 
2281 -5513 
2974 2601 
4459 32767 
6144 12433 
9577 9144 
-29358 3713 
32767 -9512 
-2971 1899 
16763 3517 
2352 2853 
14901 -32768 
-14032 -9817 
89 -17419 
1981 -1592 
9390 -10808 
-3793 -10350 
11378 -12112 
1248 13896 
2859 -13526 
-6827 -7500 
4615 2027 
27809 29988 
20133 -2993 
7807 -9603 
4302 4746 
15142 -648 
32224 -22003 
4660 3226 
4362 -7716 
-11093 8385 
-11849 4147 
-3507 -188 
-24718 11824 
-6751 7748 
-5426 349 
32767 -2240 
-2168 -8382 
-25123 14706 
-15064 -5106 
21920 10474 
2001 2057 
12710 -1121 
1909 -27030 
-31030 3347 
-31966 -3643 
12408 568 
25697 5484 
27924 2644 
-4299 19130 
7452 2332 
-11419 4 
-15761 4997 
-10602 14267 
5733 10175 
2698 -4587 
17837 -24666 
-2109 -9048 
10225 -5417 
7138 -14255 
-7971 11694 
-24859 5758 
12709 3676 
-31608 2152 
14290 -20691 
11009 -5009 
-15749 5990 
11617 19250 
-1295 -4440 
6249 -17439 
-16530 -15584 
-30627 7653 
3898 12008 
-9029 31159 
10727 293 
8876 -6418 
16645 -20356 
-3918 10059 
20154 16050 
17809 -8362 
-21518 2063 
-6782 2894 
-8271 14972 
12679 -20425 
-3856 5809 
-22293 -14074 
-5588 24173 
14967 -27523 
-26477 -2698 
-12902 4735 
32040 14276 
7392 -26270 
-2840 -3334 
-11656 -10703 
17443 3954 
11023 3416 
-16741 2853 
-7436 -2824 
10433 10195 
490 -7200 
4379 -3239 
-6468 -12550 
-16612 -10814 
-7152 -1970 
-23484 -14535 
-8739 1514 
4981 228 
-32768 -146 
-5872 -11038 
32767 1820 
4595 6410 
24172 -15323 
-1830 4852 
2522 17033 
-973 7038 
-2187 -2100 
20190 24655 
-14529 -11470 
-3883 -32768 
12983 9641 
-12355 24160 
-6031 -32768 
-2884 20367 
11903 1295 
-22720 -7257 
-5001 24077 
2360 7674 
-1563 15459 
-32574 17583 
8398 -18152 
-24103 -16246 
12841 -10452 
-11448 -1550 
-19710 3050 
10994 -29483 
-4052 30611 
-11250 -14743 
32767 -376 
-16439 22278 
-27321 3504 
-13389 -13534 
12942 14495 
-20629 8525 
-8826 -9186 
775 -19459 
9380 13740 
-5398 -7429 
3781 -16230 
-13461 -5919 
32767 -23380 
-13557 22552 
2008 -9502 
-2738 29683 
12000 -5598 
10813 -4739 
-7103 -6780 
3420 -17560 
1094 -5520 
7936 14122 
-17122 737 
-1354 -4958 
-7501 17919 
-18742 -12232 
-6221 20359 
-11375 18353 
20496 1539 
7801 -6692 
-3591 12587 
-18192 14482 
172 11530 
-8215 -7667 
4667 -8250 
4546 -10253 
32767 -9239 
1751 20996 
15335 1542 
-806 21291 
-2133 -15941 
-6528 -1619 
-810 -16224 
-3642 -15196 
-1383 -2855 
-4569 14223 
-24843 -14312 
-1872 -2646 
-7385 -20599 
-942 -15237 
-6387 -738 
4552 23121 
-2724 2614 
-9603 21819 
3205 10064 
13642 -2241 
4121 -20297 
927 -11130 
-8932 -3975 
18650 3778 
-32768 -13515 
-3241 11092 
-19322 -32768 
8062 1541 
-3668 -14060 
11774 13444 
17317 5332 
-276 -19004 
-22128 5191 
10390 32765 
6090 -1466 
973 1547 
12710 -23290 
-9441 -17881 
-27702 -138 
-11587 12767 
17599 5753 
-1498 -5372 
5656 8690 
-6499 7629 
7334 -648 
-12032 -6879 
12202 5908 
-18813 -6487 
-8458 2841 
-5459 7936 
12120 11228 
-23712 -10408 
-6960 -8844 
-18131 -18994 
-11778 9074 
22107 -1729 
-1239 19419 
-2669 -21054 
11960 -7103 
-5234 -3591 
-5056 21552 
2559 -570 
499 3101 
11190 -3280 
11034 1739 
1149 -18319 
2157 6967 
-6780 18175 
-16474 12955 
10597 -16688 
6930 -7407 
17745 8976 
14094 -3132 
-1781 3164 
-10521 10464 
-10031 19818 
-23787 -3488 
-583 -15733 
32767 -5572 
9362 19750 
-916 5513 
10801 -7635 
-6118 -16502 
-410 10468 
24 -3706 
-12956 -19904 
11541 -7017 
-32652 23544 
-31378 2673 
-24311 -11326 
18603 13328 
-32768 18830 
-8601 1579 
-16647 13962 
-901 18160 
12850 -28346 
12498 27144 
-19840 -16533 
10543 12549 
18600 8373 
-89 -7405 
-5972 2818 
-12564 9359 
-6180 14603 
19934 5640 
-539 442 
-11521 6202 
-6202 -12544 
1633 29493 
-14072 21518 
-12195 3521 
9488 4877 
20954 -6084 
-767 2925 
4404 32767 
-22393 9057 
-13844 9942 
-6318 -1405 
9530 -4798 
-143 13778 
-4802 256 
11646 11112 
1684 -8023 
12323 -2581 
-3150 -2941 
-17194 -5258 
-20645 -3163 
-7608 9152 
17399 4098 
-3953 -32768 
19584 -6656 
21749 -4324 
-11840 687 
-18070 4875 
-21981 7299 
20251 -14344 
-16385 17020 
7156 6719 
32767 11824 
26103 -12702 
12834 4137 
-11611 18848 
16950 22994 
-18422 -4850 
5681 3254 
-2519 7102 
21393 29184 
-11809 5956 
138 -9909 
9524 15477 
-9795 -12018 
-17306 -5446 
-13287 29526 
8802 2108 
14582 -9347 
-20490 -25926 
-8109 -2182 
10512 -4784 
14122 -980 
-5045 -11741 
-8092 -5930 
-13383 9842 
-15732 -13289 
-7304 23289 
3865 18966 
16672 -3813 
14060 20177 
4730 3306 
-9875 9718 
9516 -19328 
2750 -16448 
-5338 6860 
-13507 -3646 
-7867 5838 
-19835 -6444 
-22239 27096 
-2617 21682 
-14907 -14677 
19395 11982 
-9626 13093 
-7127 16571 
-20094 -8481 
-14356 -17599 
4593 21604 
6759 -7274 
358 -2906 
3127 10406 
-11436 23308 
1512 -32768 
1090 -195 
6685 -3196 
2377 32767 
17349 -8278 
-18030 25757 
32767 3680 
14918 17885 
1338 -5404 
-12279 998 
10536 -11699 
10985 3439 
3410 -3932 
21224 -9885 
30937 -11102 
267 2105 
15852 11643 
3852 -21231 
-18974 23985 
8244 3839 
-20440 13198 
-16194 13251 
-269 -17730 
-2018 8918 
-3328 32767 
3961 4282 
-88 -8486 
-12683 -2589 
2002 878 
6223 21028 
27023 4078 
139 -4110 
1732 -20918 
-15651 21529 
7397 16285 
9003 -10990 
29793 12003 
-2470 8795 
16806 15344 
4734 3518 
369 -15694 
-12050 19161 
10536 6671 
-11367 17959 
-7203 -5612 
-1539 27385 
-5592 -26290 
-2796 -5125 
-6207 4035 
4906 -1228 
13227 20622 
-402 -12249 
1440 -14697 
-22833 -7155 
7600 -3220 
-3910 -14680 
-900 -18519 
29466 8691 
9190 -1773 
26801 -5817 
-5842 25420 
-6409 7212 
2360 -15221 
3235 -19505 
5695 1796 
3169 -2352 
-6754 -1263 
13680 -8045 
-18626 22160 
12320 -17139 
16502 26438 
-5158 -2139 
-3545 -11887 
-7569 13750 
30263 -4260 
-19744 -4246 
-18731 -3224 
-11283 9182 
2575 1385 
-20773 19326 
11056 -2004 
13987 -12559 
-10718 -2950 
-10412 5522 
-1468 -7730 
3394 6859 
-5653 -22381 
-8899 32767 
4048 -13774 
5118 -10370 
25900 11487 
4696 -3930 
2391 -15160 
-807 -12320 
4953 -2945 
9782 16241 
-18673 -6222 
-2920 27157 
6510 4113 
-7504 -5651 
-26481 10222 
1406 -3898 
-5641 6902 
7336 5143 
-4114 -12159 
5150 -5021 
-30733 -4892 
-11754 -2369 
3666 -2551 
9791 -25105 
-10726 -8077 
-22018 -9714 
13862 -12678 
30501 -11632 
12511 7895 
-3746 -6352 
2334 -22949 
-7976 5528 
2158 -11323 
-22678 7913 
10659 -27881 
51 -16041 
6980 2828 
-8897 -21378 
-1520 6563 
32767 193 
-1158 -2674 
-13849 4832 
5038 16463 
-32768 11774 
32767 -12671 
7971 9598 
-5544 1596 
-4237 -1327 
19772 -6200 
7224 6482 
324 8372 
17018 -2358 
16677 8326 
19866 -13340 
5676 15483 
14606 19042 
-11543 -2835 
7079 -7974 
-4466 -2794 
5048 -5126 
32767 4506 
10427 -4090 
-13929 -2052 
-8891 -8910 
-9870 -4101 
-26522 -5141 
-11522 7465 
21470 -13675 
-6159 3635 
10799 -17632 
7514 1304 
10418 -8761 
-21618 8650 
-9121 7513 
15941 -9985 
2610 -4217 
-12705 -3019 
10670 -24319 
2930 -13608 
15254 -8003 
-6647 10894 
9135 -3608 
8388 -1285 
7378 22405 
387 16802 
8626 -5431 
-4750 -3945 
-5506 -5452 
-14554 -6160 
1842 20693 
-29763 5976 
-7292 8617 
-8160 6046 
-11945 1727 
-7455 -32768 
14079 9337 
207 -25152 
-7257 -2812 
-21404 -4025 
-259 15499 
-15270 2861 
-2405 -11984 
7705 13070 
-13556 -3687 
-17196 6465 
3787 19327 
13009 -5169 
3917 -11802 
17277 1849 
-7776 -2544 
-12373 12520 
-8790 -15357 
-8653 -8607 
18665 1403 
16525 -5192 
-22602 11670 
13479 10272 
-4256 3642 
-13905 -13636 
-4941 22117 
-12477 21088 
-20812 -4439 
25650 12883 
16316 -6009 
-14498 -678 
-6610 -5304 
15281 -3617 
-5209 1830 
28244 -6166 
-22074 12690 
4026 -17715 
-2362 -16359 
-18089 759 
-13089 -8230 
7672 -10838 
-14692 11539 
-7249 2537 
1070 -6847 
-20444 -14618 
-14045 13796 
16329 -16838 
7126 8048 
-6560 9859 
32417 13029 
13751 -12699 
7656 18848 
4418 27566 
-4703 -21596 
-22064 -16128 
-15966 6901 
-1710 -10353 
-15996 -3564 
3909 15250 
2812 -14564 
4450 -5020 
310 7866 
-4549 25692 
17 -20694 
-14208 -8420 
6608 1741 
-10072 20173 
-4071 8968 
8087 6246 
11882 14586 
3794 -18455 
-3412 7508 
-17375 -1911 
12121 -13949 
-8913 9892 
-15449 10410 
-16309 -10352 
7994 8003 
-8193 94 
-26619 -27487 
9183 14517 
9525 4466 
968 -14272 
-392 -18660 
-1906 -8861 
-5377 -992 
-3980 3544 
-5559 -3237 
-9133 -11886 
6630 4576 
10271 5052 
29025 18732 
1186 -21943 
-19905 -4703 
5365 -14433 
-28851 -1255 
-9521 1818 
-2247 -7329 
-13402 11522 
-8035 -7782 
-7721 -4846 
-11081 -8665 
11527 18928 
-1341 -3191 
-5991 5192 
-15368 -20026 
-22090 2419 
-16924 1312 
-13553 3310 
6868 -3917 
-14328 -3987 
-8145 -2012 
-19854 20817 
-1843 -13136 
-6343 -23444 
7508 -4137 
5658 -607 
-1594 3451 
-8321 10650 
-23161 26875 
10995 30222 
3322 -9850 
23199 18092 
4826 9396 
-7083 -11371 
14835 -13896 
-5414 4526 
12507 -25506 
-10444 825 
665 -8747 
-1360 1812 
-6740 5138 
-16384 14840 
1283 16775 
-5935 -17055 
-10183 -5955 
-7170 -17958 
-7413 -502 
-6892 -7332 
29992 -21401 
-7842 10602 
21740 -5625 
-9435 5338 
6799 -6831 
6096 -8997 
11326 5953 
24137 102 
-3707 -18183 
-11936 818 
-7034 -10575 
20420 -14840 
-4804 -12427 
-17454 14122 
-3464 13095 
-5464 7159 
-11222 -2996 
-11266 -21436 
-13647 180 
-3957 -26275 
2405 11536 
-13109 -8965 
-17095 7220 
4758 4096 
8652 253 
-8318 -7370 
-4350 -10700 
-4987 -10504 
-16361 -17511 
-6526 -16258 
4878 -9673 
-32768 3681 
13063 10729 
3773 4844 
-5574 -16780 
-15929 20620 
-17243 17803 
-18169 -18088 
-16137 4017 
-8234 -3573 
32767 -16422 
-19795 10027 
8262 -19297 
-2459 -2992 
578 15334 
8254 -9760 
2601 -28650 
-7895 -20766 
3671 541 
-4730 -20910 
-8748 -6319 
-2741 -2428 
12601 -13884 
