T 5512 ns
4946 -11658 -7761 -6036 -14047 -22325 27569 -6960 
T 5516 ns
1383 -4055 21247 4544 -4873 -19077 -7403 -991 
T 5520 ns
-10705 -14557 422 10464 -4559 13972 -32446 -3367 
T 5524 ns
4534 -8949 13444 -19479 4485 -2655 6148 178 
T 5528 ns
3532 -15152 4919 -12091 -6548 1274 -11548 11911 
T 5532 ns
-20891 -8821 -14588 -11054 -26066 -677 -23363 -6907 
T 5536 ns
-4287 -12666 15228 1915 4809 -5890 -15972 1422 
T 5540 ns
-4786 -22124 -15084 -16196 -5285 18582 1533 -9902 
T 5544 ns
-4375 2644 -14429 -3423 -12128 -9405 5066 -13907 
T 5548 ns
32767 -4243 1697 32767 6309 4394 10299 7420 
T 5552 ns
-23928 19263 17171 -20720 -4320 6288 -313 16761 
T 5556 ns
8479 2873 -18899 1244 28632 -3269 -1323 26757 
T 5560 ns
9623 23301 -2435 3004 -3285 -5296 21317 13668 
T 5564 ns
2799 28981 17528 -9275 -488 -2912 22311 -1406 
T 5568 ns
2067 -16544 2450 17806 -9641 6803 -5289 10008 
T 5572 ns
-1479 3340 576 7414 23927 -10599 2500 -6440 
T 5576 ns
215 10285 1465 -9271 1785 8577 -7907 19284 
T 5580 ns
13254 18936 -16378 10510 -13835 21261 -16036 10006 
T 5584 ns
3857 -8133 -3703 13481 -569 14493 -14601 -3149 
T 5588 ns
-3377 5304 -3070 -3575 15787 -135 -17635 -12364 
T 5592 ns
17964 16443 4166 13001 24619 -3842 -7471 11586 
T 5596 ns
10309 6782 26537 -3598 10255 147 -170 13343 
T 5600 ns
-29982 -386 -5902 24872 -26371 -11135 14596 -7708 
T 5604 ns
960 -26984 12204 -10504 -5361 9543 8074 3437 
T 5608 ns
13878 -7467 15169 2096 -2916 2286 15292 8632 
T 5612 ns
-29686 -11599 14735 -14756 2893 9679 -61 -20663 
T 5616 ns
-16645 1018 8163 29089 11689 1209 -19779 18450 
T 5620 ns
-15396 19191 6139 -24435 12575 -1974 -5896 14480 
T 5624 ns
7751 10115 -121 11582 -15567 6322 1062 -421 
T 5628 ns
-22691 20383 -3951 15041 -16702 -334 6690 18465 
T 5632 ns
605 -23114 12959 19702 -811 3641 15113 9253 
T 5636 ns
-12182 -11584 -529 -12605 -13471 6644 11590 2688 
T 5640 ns
396 -8245 4878 -8018 277 8225 19682 6696 
T 5644 ns
1513 6113 8876 -19846 14286 -7439 6525 188 
T 5648 ns
-1965 -29381 -7159 17705 1706 6384 14528 -5679 
T 5652 ns
-970 -15250 -512 -13491 -523 -32457 -18569 20643 
T 5656 ns
5073 -1561 -13650 -23361 -12184 -13603 -9331 10913 
T 5660 ns
12227 -1557 -9768 3369 -22753 -19720 -1773 -22605 
T 5664 ns
6665 -17014 -10678 25693 -13038 -8906 11316 4314 
T 5668 ns
8401 7708 -2589 -12938 12755 7557 -1435 -14622 
T 5672 ns
-4785 -26921 -9592 -6262 -5052 -3804 -3526 -17917 
T 5676 ns
-16351 12581 910 3494 -23101 -19549 3639 -6407 
T 5680 ns
8425 513 -22100 2917 24204 12335 8914 -21220 
T 5684 ns
24565 -9254 19741 3800 -12295 -8007 -22976 1449 
T 5688 ns
1773 -14954 12066 -32179 24628 18692 11042 -20728 
T 5692 ns
-2140 -483 19351 -4184 -28481 2625 2493 11112 
T 5696 ns
-11670 4645 -3014 -2500 5905 -1435 2520 7925 
T 5700 ns
20172 -7033 4881 -2621 -8600 21758 12499 -17752 
T 5704 ns
3116 -202 -21001 10108 2782 -13730 22824 17897 
T 5708 ns
8225 -19859 -16204 22917 -1791 -1024 -18608 8254 
T 5712 ns
6271 20872 -2202 -32768 -6795 13421 -19282 8268 
T 5716 ns
-4700 -967 9292 -7250 -5086 -1186 11733 -5107 
T 5720 ns
-31553 -8190 2679 -13682 9700 -27480 19858 -12545 
T 5724 ns
-975 13552 -30972 -1829 12147 -12666 -13406 4007 
T 5728 ns
-9297 13025 -19735 -11930 13840 -2505 16874 -17732 
T 5732 ns
-8080 18241 1603 18711 24019 -4998 8918 -1822 
T 5736 ns
8091 -1694 -6748 5707 -1969 54 9123 12406 
T 5740 ns
-5844 30418 -16081 -13754 -6257 -8823 -6255 -5119 
T 5744 ns
18665 18834 18666 -29979 6343 -171 -5578 32767 
T 5748 ns
7973 7652 8128 16634 3778 10021 -6905 1157 
T 5752 ns
12866 6492 -3769 1136 -9810 -13390 -2386 10228 
T 5756 ns
-8266 16713 -3206 27427 -7980 -954 -18633 60 
T 5760 ns
-28652 -7487 -8541 -9307 25372 -21637 -3786 1068 
T 5764 ns
-15369 849 -16909 9678 -27149 -19906 4211 13821 
T 5768 ns
7819 -12508 3603 -6255 26210 10154 -834 -32768 
T 5772 ns
-5530 -2843 3254 -12542 -6642 -354 -3838 -9046 
T 5776 ns
-439 19761 -8419 -2687 -8380 -12596 5004 13328 
T 5780 ns
-66 794 -529 -7907 -8001 6637 -5347 -6513 
T 5784 ns
580 -2323 -91 4597 -8604 2061 8298 2010 
T 5788 ns
22656 11896 -5495 32767 -13634 1568 -20255 11815 
T 5792 ns
-22380 13218 13032 4707 -750 -11806 7242 -8772 
T 5796 ns
17070 -6858 4971 2398 -16468 -14861 4173 4938 
T 5800 ns
-10133 22974 -23792 8406 14651 -10526 -5864 20919 
T 5804 ns
-6263 -24147 -10860 -8821 -21019 8828 4838 18065 
T 5808 ns
-4877 16102 -2850 6283 -6094 -16278 819 10535 
T 5812 ns
-22691 15645 18114 713 -15669 -2529 -5908 -9625 
T 5816 ns
14021 -1861 12417 -24720 -11566 4008 4663 -6310 
T 5820 ns
20240 30388 -5082 -2804 5725 -20982 22237 14028 
T 5824 ns
4647 -12627 14515 622 22709 14381 11693 14011 
T 5828 ns
-4534 -7816 688 6318 8122 -10471 -7032 1538 
T 5832 ns
-16160 -950 -3203 -14565 -8589 14401 -10961 2302 
T 5836 ns
13282 -2808 -6901 -23714 20168 -15125 3235 -8676 
T 5840 ns
282 16488 25405 12124 2684 -108 -5570 1026 
T 5844 ns
-797 12081 14154 1975 -9503 -15068 3550 -7831 
T 5848 ns
5540 -2873 14478 9682 12675 -9936 25120 16806 
T 5852 ns
-20879 14670 17758 15568 2835 -25408 32273 -20655 
T 5856 ns
-36 -12443 -13633 2975 23624 9817 -32768 11962 
T 5860 ns
-5783 -10124 10509 7289 -19404 -9617 8175 -7362 
T 5864 ns
-16253 -7292 11743 8192 11718 6590 -2452 16653 
T 5868 ns
-10163 32015 14979 -10048 9499 -22014 -4071 7756 
T 5872 ns
15379 -4733 -19082 -7002 4687 13791 27736 7404 
T 5876 ns
-18699 -7761 7023 11825 -24604 25312 -11299 1560 
T 5880 ns
11698 -103 7576 -1006 -10799 28408 17174 -26425 
T 5884 ns
8920 -13072 -57 476 13451 -12063 31794 20479 
T 5888 ns
-14585 9998 -6554 18391 14861 -7427 11605 20802 
T 5892 ns
-4938 765 664 11578 9020 -2820 -20620 -3966 
T 5896 ns
-4926 10039 -2275 -24240 4437 2026 6087 -4619 
T 5900 ns
-19040 -18726 13175 -7803 7706 8200 2451 16265 
T 5904 ns
2112 -7876 -1556 -13696 8634 2734 3456 8191 
T 5908 ns
5997 -14866 29823 17338 544 -27446 21202 -10372 
T 5912 ns
10773 -21578 -15327 6152 13450 16107 -8254 -1344 
T 5916 ns
6338 -27037 16605 2654 -1301 9342 -9418 6305 
T 5920 ns
17045 -5972 15757 -4982 -2607 6393 -2663 15084 
T 5924 ns
15939 4608 -6738 -11965 -9223 6721 11342 -4063 
T 5928 ns
14361 5969 25104 -7790 21623 -1905 -12154 1489 
T 5932 ns
8696 -4528 12833 -596 17713 16992 -13312 -1000 
T 5936 ns
-18910 -11400 -9660 -5555 15848 -7129 25752 21387 
T 5940 ns
-6720 23276 11715 21532 -3605 16996 -8301 -2380 
T 5944 ns
-10216 12041 -4911 -19637 -17548 -8504 -9011 -18763 
T 5948 ns
-1714 380 6854 2025 25827 -668 1621 -16883 
T 5952 ns
-5039 4536 1183 10560 -22086 1024 18426 20823 
T 5956 ns
-18010 19360 8077 3517 -507 1386 14506 -8538 
T 5960 ns
6482 9228 -1746 -4068 -9750 -5969 -19406 -20664 
T 5964 ns
14217 1951 -334 -5542 10619 -6699 -30381 15211 
T 5968 ns
694 991 14397 11290 -22981 -18137 14214 8384 
T 5972 ns
30796 -18576 -18805 10173 4799 -24218 8638 5607 
T 5976 ns
-1088 9441 -13741 1598 -995 -2316 -8570 -239 
T 5980 ns
-5439 -5891 672 -7639 13758 -11794 -374 406 
T 5984 ns
-11631 -693 16565 2643 19437 -7992 -1380 4276 
T 5988 ns
17911 -8407 -6314 5605 8871 -12046 16988 21891 
T 5992 ns
-27452 4530 -1661 -3773 -6293 -12470 -2860 7981 
T 5996 ns
1377 -3059 -9831 -17542 25126 4297 32767 10964 
T 6 us
32156 30605 7049 -18150 2254 -7494 9680 393 
T 6004 ns
-10290 2714 -27946 1440 -143 6676 -3454 -10986 
T 6008 ns
2382 -765 7542 3491 -5192 -8296 -12299 -9027 
T 6012 ns
-15586 -15548 11281 -4807 -5188 -4248 12387 -22031 
T 6016 ns
11407 3153 -15374 -16282 -12106 1632 -439 14145 
T 6020 ns
-20874 1038 19882 2631 -17590 7914 7487 8429 
T 6024 ns
-11130 3241 -6759 10766 12414 -7496 218 -3432 
T 6028 ns
5198 11582 -10835 -4010 -1136 19736 -9979 16535 
T 6032 ns
32767 -3083 -27939 -164 1864 -1479 -19894 -8175 
T 6036 ns
-4678 9126 4391 11862 -30627 17631 15262 1724 
T 6040 ns
-16306 6061 -10861 709 -2601 -8017 10566 -24143 
T 6044 ns
844 -7413 -8489 6928 14856 -11017 -3325 9620 
T 6048 ns
-22532 5640 10621 -4306 2015 8648 18597 7292 
T 6052 ns
16103 18302 -15583 21455 13089 18972 -6376 -13736 
T 6056 ns
-21100 27739 919 -8781 -24620 6382 3662 13192 
T 6060 ns
7688 6654 8480 17770 -3451 -3659 -3136 7552 
T 6064 ns
-10244 -14493 -5987 4802 9491 4124 12435 -11930 
T 6068 ns
30675 14441 -6197 -13082 -13115 -3034 1934 3156 
T 6072 ns
-3486 -14548 8172 -3033 8471 8221 -15354 4077 
T 6076 ns
10971 -26877 -6646 7142 -18446 13495 -7882 16449 
T 6080 ns
-14990 11560 -14773 -4552 -5317 -3664 -2220 3320 
T 6084 ns
7397 -10965 -26568 -4166 15893 5485 -1848 -2701 
T 6088 ns
-11052 -7294 5059 -2765 24972 7897 2417 -4863 
T 6092 ns
19896 -8988 -4960 -19005 20704 3160 25869 11526 
T 6096 ns
-23966 -4260 -804 -1548 976 -19411 3377 -1651 
T 6100 ns
-10942 -5049 6066 1796 -20093 -26543 -22194 5750 
T 6104 ns
-2187 -15568 8249 6026 -8574 -15010 21047 -18574 
T 6108 ns
-24972 7803 16126 -9391 2215 -26215 -31495 -2734 
T 6112 ns
14101 5444 -106 8323 -14277 -12118 -13499 -10104 
T 6116 ns
3282 3391 -15747 -27616 7526 -20162 -8780 17910 
T 6120 ns
-14819 -7688 4451 -5204 1733 -22486 -8717 21864 
T 6124 ns
-30944 5435 -19390 2855 4559 17408 -19582 -2654 
T 6128 ns
14163 8800 21266 4682 -26022 10265 3286 -10 
T 6132 ns
13679 -3648 -7208 -1506 13744 25392 -9513 32767 
T 6136 ns
25324 3044 14577 -490 -7362 -32768 4418 7997 
T 6140 ns
-25659 -11586 -11128 -15129 -9512 31935 18888 4982 
T 6144 ns
11893 8708 2082 -9032 1762 16726 -7080 8032 
T 6148 ns
32511 -248 -15905 -2024 -7215 -7922 -10883 12744 
T 6152 ns
211 -10654 -32768 1207 -10017 -5230 10436 -22985 
T 6156 ns
1759 -3681 -19816 21673 -18036 8017 -16463 14328 
T 6160 ns
-3155 5634 1700 -6060 -11361 8680 -17876 22704 
T 6164 ns
23676 -25112 7948 16529 -1987 15482 1575 4372 
T 6168 ns
-5431 -17984 7192 13339 26522 -10300 -1884 23465 
T 6172 ns
-5882 -13678 -10297 -3356 -4132 -25873 9399 -20373 
T 6176 ns
13252 -12382 -10834 -5841 1115 32767 5765 -32768 
T 6180 ns
-21332 29113 26180 5129 -10810 10217 14864 -1073 
T 6184 ns
-16378 -12796 8804 -6039 -17885 30852 4562 -2642 
T 6188 ns
-4312 -1535 10717 -8690 18836 3378 6063 29637 
T 6192 ns
18116 -9676 1325 -12920 2543 -19654 -17903 -19802 
T 6196 ns
17904 -10854 32767 6309 2125 -6057 997 2676 
T 6200 ns
-26523 11155 -4232 9373 1280 -8416 -7208 5416 
T 6204 ns
1461 -8116 -17788 9883 -8590 -10535 79 -14863 
T 6208 ns
17065 8168 13873 -7093 1578 -16134 -1640 3423 
T 6212 ns
-2387 -10345 -17370 -4442 -13075 -23028 20246 -5831 
T 6216 ns
22942 13819 -12905 -23355 -7246 -18300 -6744 -4342 
T 6220 ns
7866 2085 18516 -4617 -12884 -13819 -13559 -7811 
T 6224 ns
6370 1544 6511 -10342 7954 -18899 4129 -12089 
T 6228 ns
4383 -29590 -17165 12020 2418 -3361 -27896 -20785 
T 6232 ns
-31714 6980 -9018 -7635 7786 7752 -10000 -18223 
T 6236 ns
-9437 -5097 -6403 4286 -1753 -23920 -11922 2484 
T 6240 ns
5847 6214 14279 13356 -5615 9259 -3481 8630 
T 6244 ns
-1676 -2152 2991 32767 3110 -7000 15754 8966 
T 6248 ns
-7720 -7602 32767 -1741 14453 -5605 9943 -5167 
T 6252 ns
13892 -18364 -2516 -8132 12030 -89 7576 -60 
T 6256 ns
-31315 -2824 4115 -15342 19673 9807 8984 19629 
T 6260 ns
11643 -6486 -5666 -13061 -18550 13617 10042 -8955 
T 6264 ns
-19023 20030 5208 16204 26167 16784 10088 21561 
T 6268 ns
-8760 -9093 16490 32767 3973 1518 10548 -4191 
T 6272 ns
16016 -4323 -1509 -14983 -11034 -13055 -1388 -4098 
T 6276 ns
-2566 6586 3327 3722 -15391 -8257 2292 -11008 
T 6280 ns
2524 -9203 13244 -16304 -15102 -18723 -8606 -7925 
T 6284 ns
-13133 -10783 14901 -13203 -19838 2530 10403 1370 
T 6288 ns
11554 -8307 -16560 -991 -1558 3184 -19363 -4500 
T 6292 ns
19960 1243 -4370 -8834 -12382 4853 9121 -8006 
T 6296 ns
3730 430 9581 -16599 9312 -8670 14328 17976 
T 6300 ns
13054 21068 -25760 -1732 -1387 -17228 -4736 16142 
T 6304 ns
-2626 5969 -15736 -2538 -17581 8273 32767 4304 
T 6308 ns
-15764 -11660 -20620 -7964 5316 1062 3389 -3104 
T 6312 ns
-22553 30 -24489 -11476 3442 11133 -21870 -21783 
T 6316 ns
-5260 -10841 -6796 10195 2931 -7663 15147 -16750 
T 6320 ns
-14510 -3846 14434 11521 4150 8576 4077 1533 
T 6324 ns
-2661 -20445 10964 -9477 14341 5659 -15346 1885 
T 6328 ns
13192 -15272 14428 -17625 -85 2002 8263 11332 
T 6332 ns
-13846 -15123 -420 -23393 5569 4990 -2872 6555 
T 6336 ns
3256 4633 6238 4054 16804 -1004 3162 -11505 
T 6340 ns
-1701 11294 -2466 23881 -6466 -5768 13277 -21835 
T 6344 ns
-2199 -4231 -4927 23711 -10261 12804 -17455 -23554 
T 6348 ns
1540 -4123 -11525 -8461 -6252 459 5401 -7856 
T 6352 ns
-7051 -8892 4846 9829 372 -3831 14171 6317 
T 6356 ns
-12929 8871 11635 8508 -11779 5221 5712 13864 
T 6360 ns
-3877 5676 -8600 28811 -4687 5947 23231 12087 
T 6364 ns
-2511 -4984 1876 13338 7461 -8864 -17288 -9600 
T 6368 ns
19419 4212 -4927 -5399 751 4714 -14912 -12557 
T 6372 ns
9962 -22879 18062 -6547 -13196 -4514 -1086 -6520 
T 6376 ns
-32768 7891 8933 15574 -2354 -5140 -7720 -18712 
T 6380 ns
-26672 19777 -6012 -11755 -5683 5333 -3497 4526 
T 6384 ns
-5420 -24754 -9628 4219 -17815 -1465 10300 -1757 
T 6388 ns
-1488 -5028 -15165 -16834 -25913 -6544 -21820 1080 
T 6392 ns
-21252 8273 2321 16087 30287 1585 2932 -17426 
T 6396 ns
6284 -11892 5011 7628 4270 11964 5308 26171 
T 6400 ns
-3508 -10255 -1414 -6600 -3509 15360 15720 3776 
T 6404 ns
-17290 13488 3818 -14292 6901 14998 -9269 -9002 
T 6408 ns
-17318 -4936 4516 -20939 -20192 -12511 317 1186 
T 6412 ns
-631 25040 9142 -5038 4646 -32768 9606 12862 
T 6416 ns
7259 877 -4309 -10737 3231 -4388 -16447 2830 
T 6420 ns
-12365 952 15310 14411 -15239 -26110 5997 -18619 
T 6424 ns
-16829 -26307 -4829 -3124 -32768 12940 120 -3960 
T 6428 ns
-9874 11109 12705 -4348 11060 25550 17099 -13283 
T 6432 ns
2229 -7400 -9604 -19666 19605 -6470 5649 7840 
T 6436 ns
-3102 -16461 5227 -14167 8251 -2659 201 5523 
T 6440 ns
-1199 -9836 29239 -20255 4190 -8808 17555 18290 
T 6444 ns
-4877 -3042 -12297 4383 1059 -2364 -1523 -24407 
T 6448 ns
13323 18294 25122 15524 -16874 -3609 -25526 22032 
T 6452 ns
-10981 22970 -7308 9255 -10422 4851 15479 -21958 
T 6456 ns
-32768 903 6943 32767 -8255 -854 4400 7935 
T 6460 ns
-11324 2695 24250 -2551 1481 -27368 -5395 -5765 
T 6464 ns
9527 24198 5772 27678 -5349 -4770 26518 -13754 
T 6468 ns
-10483 6945 -16613 -19626 10248 -20308 17255 1688 
T 6472 ns
-14104 13211 2505 13733 -7116 2668 23572 -21184 
T 6476 ns
2108 12558 -211 -3933 149 -14689 791 71 
T 6480 ns
26572 -11380 18599 -9288 -13140 -2890 -8762 -537 
T 6484 ns
11954 1688 -10528 11991 -4511 -21142 32767 7241 
T 6488 ns
9474 -12925 -4156 1521 18351 -8500 1987 -5537 
T 6492 ns
-13096 -17686 25878 -4927 2252 -7006 -11256 3357 
T 6496 ns
-6848 14490 -32768 14499 14230 8589 32767 5502 
T 6500 ns
15620 4142 32767 880 11721 -6457 -14377 10636 
T 6504 ns
-13731 -8959 -19461 15734 10382 -8250 -17286 -6897 
T 6508 ns
13568 10594 8778 -4596 13717 -3190 29503 -11695 
T 6512 ns
-17054 -28580 -302 2795 19169 -4129 4839 -5715 
T 6516 ns
5165 -6650 -15402 26772 7963 -17680 -3163 -15605 
T 6520 ns
32767 15838 6605 -3269 13820 10455 13710 17002 
T 6524 ns
14303 15979 -15334 -8171 11389 12922 -2066 -1430 
T 6528 ns
-25072 -5650 1171 -3168 -11763 5832 -13769 -3371 
T 6532 ns
-15578 7088 -20762 -5353 6765 -19794 3661 -3186 
T 6536 ns
-66 22980 8399 -32698 1425 -22663 -6151 8968 
T 6540 ns
-41 2341 -26721 15420 -3021 -2157 -4965 -2891 
T 6544 ns
-14931 19993 -12918 6162 12979 -12210 -5314 8485 
T 6548 ns
-432 -17953 -24618 7299 2215 -14757 2924 -1886 
T 6552 ns
4980 -11344 -2671 21897 17984 1392 -1030 -3931 
T 6556 ns
11285 -7449 20656 -16122 3004 2521 -7881 -6449 
T 6560 ns
-13047 13834 -3440 -7929 -10871 -3802 21578 -9224 
T 6564 ns
-1062 17726 -2690 14834 2467 -17610 -22215 -13476 
T 6568 ns
22767 -3396 7337 6463 19006 9597 -1674 7579 
T 6572 ns
-22137 -16861 -13593 5785 7605 2906 9561 18824 
T 6576 ns
10966 8317 -2757 6040 -15462 -13784 -11291 7827 
T 6580 ns
-441 7895 -15849 -8108 -572 7619 6419 -13747 
T 6584 ns
12141 9079 14575 -10986 -19413 -2658 -9447 -8110 
T 6588 ns
7607 6921 -32768 18355 19214 -4722 21491 -5210 
T 6592 ns
1813 952 -6098 5972 -9749 -3221 3327 2324 
T 6596 ns
3089 3556 -7016 29714 3383 25245 -9332 -13400 
T 6600 ns
-6137 -13859 16923 5163 14587 17457 3543 -4442 
T 6604 ns
-8742 5754 -8116 5692 9637 -1767 13118 8110 
T 6608 ns
-9449 10885 -9983 12335 16169 -8943 3513 20053 
T 6612 ns
-27175 -6898 -3674 13837 -10537 -4131 14157 -13870 
T 6616 ns
-7156 10059 258 5 9291 16444 -11329 9388 
T 6620 ns
-22613 -7176 1835 -32768 -2189 4189 -9498 1607 
T 6624 ns
28806 5402 -18692 -3694 20033 5293 -13528 11294 
T 6628 ns
15724 -16200 -2366 3268 -9459 4481 1492 -3533 
T 6632 ns
15024 369 -8909 9446 -13122 4956 -25418 184 
T 6636 ns
-8500 8149 7787 964 -7041 -7781 -23091 -14945 
T 6640 ns
19225 4260 13605 19517 4851 -10611 7731 -9354 
T 6644 ns
15662 15359 -11487 -8387 -18865 -7406 13674 15010 
T 6648 ns
5929 1731 -317 -1950 413 -4236 5540 2547 
T 6652 ns
-21251 3365 -3997 5693 10778 -20814 23164 -3617 
T 6656 ns
473 2140 1971 15650 11983 13781 -9891 -7845 
T 6660 ns
-12510 -18010 4277 -26165 -1571 -10558 2692 -17332 
T 6664 ns
-13762 31581 4640 28572 9685 4551 -13844 14912 
T 6668 ns
-1021 7741 7962 -19126 6702 -10367 -14471 2156 
T 6672 ns
-20783 1593 -16719 19841 368 -1674 17956 -7797 
T 6676 ns
28550 -10506 -8394 4385 -9987 -6405 -23843 -6587 
T 6680 ns
-13023 -8197 16036 -22775 -4070 -5277 -5843 9929 
T 6684 ns
-10483 883 3816 5901 15781 -1700 11173 23195 
T 6688 ns
7381 1200 2444 25317 3526 -8726 8708 14508 
T 6692 ns
1583 11100 -21431 6372 -24683 -16555 -13661 -2572 
T 6696 ns
-14197 -3109 -2962 -9210 9166 822 8966 -6531 
T 6700 ns
-737 18957 -3772 -1226 7829 17233 -17339 13603 
T 6704 ns
-20071 12957 2208 6467 9318 27445 2462 -9648 
T 6708 ns
-11441 15494 -2513 -13154 -11471 11311 9828 6149 
T 6712 ns
10101 -9196 19084 -10953 -5038 -2016 10648 -9222 
T 6716 ns
8350 2885 -16569 -13052 8391 2191 -14001 5860 
T 6720 ns
-2520 -3273 -9784 12340 32767 -15025 -8180 -18003 
T 6724 ns
-19602 7647 4983 1619 -4624 1984 -711 8820 
T 6728 ns
8546 16520 -17229 -2822 15132 -8926 -5474 6601 
T 6732 ns
1073 14129 -4742 -4555 -25375 652 13162 -4922 
T 6736 ns
23577 -6924 4308 -5664 -12819 -27737 -13406 14902 
T 6740 ns
-3594 -19107 14496 3310 -9602 -5510 -8109 22429 
T 6744 ns
3513 -3542 -10817 -13956 -10592 1710 -1228 -16097 
T 6748 ns
3849 -14948 2452 12745 -9397 -9498 11428 -9569 
T 6752 ns
-3503 10225 5259 24716 16880 -2863 -4048 8128 
T 6756 ns
-7148 -145 16671 -15281 5709 25488 -9948 7894 
T 6760 ns
-31783 -4170 -3432 6647 -15331 -11188 -11323 -8282 
T 6764 ns
-7364 3620 -9301 15696 -14381 -443 -9993 -2779 
T 6768 ns
3063 6402 30042 -7903 4479 4109 -11592 -29309 
T 6772 ns
-22947 2024 310 -23046 17126 6853 12567 4457 
T 6776 ns
17466 -4336 -7221 -6582 10880 7552 11626 -26200 
T 6780 ns
244 12315 20326 -5989 2876 -5592 9327 11716 
T 6784 ns
2134 -25087 -21953 -17421 9368 -5771 -8732 9352 
T 6788 ns
-6111 15539 -12899 -5840 -6607 -5452 -3261 -19501 
T 6792 ns
2199 12976 32767 8487 -10034 18004 4594 -11735 
T 6796 ns
-6848 27939 -8222 5850 -9308 -7156 -24988 -3558 
T 6800 ns
8573 20459 4815 -3867 -3860 -11094 -17080 -13116 
T 6804 ns
-10348 8684 1613 32767 -12801 6221 15315 -18831 
T 6808 ns
-12822 -12511 -3605 -24659 80 -9095 -2946 -10328 
T 6812 ns
-8422 -10152 25389 -10393 -12316 12714 1805 19663 
T 6816 ns
3998 -16098 -15074 13873 27554 10292 -15106 19846 
T 6820 ns
9140 3888 -1923 9084 2124 21785 6971 -18228 
T 6824 ns
-16233 2948 -14848 -8924 -5747 5382 -3820 -28431 
T 6828 ns
2281 -5513 2974 2601 4459 32767 6144 12433 
T 6832 ns
9577 9144 -29358 3713 32767 -9512 -2971 1899 
T 6836 ns
16763 3517 2352 2853 14901 -32768 -14032 -9817 
T 6840 ns
89 -17419 1981 -1592 9390 -10808 -3793 -10350 
T 6844 ns
11378 -12112 1248 13896 2859 -13526 -6827 -7500 
T 6848 ns
4615 2027 27809 29988 20133 -2993 7807 -9603 
T 6852 ns
4302 4746 15142 -648 32224 -22003 4660 3226 
T 6856 ns
4362 -7716 -11093 8385 -11849 4147 -3507 -188 
T 6860 ns
-24718 11824 -6751 7748 -5426 349 32767 -2240 
T 6864 ns
-2168 -8382 -25123 14706 -15064 -5106 21920 10474 
T 6868 ns
2001 2057 12710 -1121 1909 -27030 -31030 3347 
T 6872 ns
-31966 -3643 12408 568 25697 5484 27924 2644 
T 6876 ns
-4299 19130 7452 2332 -11419 4 -15761 4997 
T 6880 ns
-10602 14267 5733 10175 2698 -4587 17837 -24666 
T 6884 ns
-2109 -9048 10225 -5417 7138 -14255 -7971 11694 
T 6888 ns
-24859 5758 12709 3676 -31608 2152 14290 -20691 
T 6892 ns
11009 -5009 -15749 5990 11617 19250 -1295 -4440 
T 6896 ns
6249 -17439 -16530 -15584 -30627 7653 3898 12008 
T 6900 ns
-9029 31159 10727 293 8876 -6418 16645 -20356 
T 6904 ns
-3918 10059 20154 16050 17809 -8362 -21518 2063 
T 6908 ns
-6782 2894 -8271 14972 12679 -20425 -3856 5809 
T 6912 ns
-22293 -14074 -5588 24173 14967 -27523 -26477 -2698 
T 6916 ns
-12902 4735 32040 14276 7392 -26270 -2840 -3334 
T 6920 ns
-11656 -10703 17443 3954 11023 3416 -16741 2853 
T 6924 ns
-7436 -2824 10433 10195 490 -7200 4379 -3239 
T 6928 ns
-6468 -12550 -16612 -10814 -7152 -1970 -23484 -14535 
T 6932 ns
-8739 1514 4981 228 -32768 -146 -5872 -11038 
T 6936 ns
32767 1820 4595 6410 24172 -15323 -1830 4852 
T 6940 ns
2522 17033 -973 7038 -2187 -2100 20190 24655 
T 6944 ns
-14529 -11470 -3883 -32768 12983 9641 -12355 24160 
T 6948 ns
-6031 -32768 -2884 20367 11903 1295 -22720 -7257 
T 6952 ns
-5001 24077 2360 7674 -1563 15459 -32574 17583 
T 6956 ns
8398 -18152 -24103 -16246 12841 -10452 -11448 -1550 
T 6960 ns
-19710 3050 10994 -29483 -4052 30611 -11250 -14743 
T 6964 ns
32767 -376 -16439 22278 -27321 3504 -13389 -13534 
T 6968 ns
12942 14495 -20629 8525 -8826 -9186 775 -19459 
T 6972 ns
9380 13740 -5398 -7429 3781 -16230 -13461 -5919 
T 6976 ns
32767 -23380 -13557 22552 2008 -9502 -2738 29683 
T 6980 ns
12000 -5598 10813 -4739 -7103 -6780 3420 -17560 
T 6984 ns
1094 -5520 7936 14122 -17122 737 -1354 -4958 
T 6988 ns
-7501 17919 -18742 -12232 -6221 20359 -11375 18353 
T 6992 ns
20496 1539 7801 -6692 -3591 12587 -18192 14482 
T 6996 ns
172 11530 -8215 -7667 4667 -8250 4546 -10253 
T 7 us
32767 -9239 1751 20996 15335 1542 -806 21291 
T 7004 ns
-2133 -15941 -6528 -1619 -810 -16224 -3642 -15196 
T 7008 ns
-1383 -2855 -4569 14223 -24843 -14312 -1872 -2646 
T 7012 ns
-7385 -20599 -942 -15237 -6387 -738 4552 23121 
T 7016 ns
-2724 2614 -9603 21819 3205 10064 13642 -2241 
T 7020 ns
4121 -20297 927 -11130 -8932 -3975 18650 3778 
T 7024 ns
-32768 -13515 -3241 11092 -19322 -32768 8062 1541 
T 7028 ns
-3668 -14060 11774 13444 17317 5332 -276 -19004 
T 7032 ns
-22128 5191 10390 32765 6090 -1466 973 1547 
T 7036 ns
12710 -23290 -9441 -17881 -27702 -138 -11587 12767 
T 7040 ns
17599 5753 -1498 -5372 5656 8690 -6499 7629 
T 7044 ns
7334 -648 -12032 -6879 12202 5908 -18813 -6487 
T 7048 ns
-8458 2841 -5459 7936 12120 11228 -23712 -10408 
T 7052 ns
-6960 -8844 -18131 -18994 -11778 9074 22107 -1729 
T 7056 ns
-1239 19419 -2669 -21054 11960 -7103 -5234 -3591 
T 7060 ns
-5056 21552 2559 -570 499 3101 11190 -3280 
T 7064 ns
11034 1739 1149 -18319 2157 6967 -6780 18175 
T 7068 ns
-16474 12955 10597 -16688 6930 -7407 17745 8976 
T 7072 ns
14094 -3132 -1781 3164 -10521 10464 -10031 19818 
T 7076 ns
-23787 -3488 -583 -15733 32767 -5572 9362 19750 
T 7080 ns
-916 5513 10801 -7635 -6118 -16502 -410 10468 
T 7084 ns
24 -3706 -12956 -19904 11541 -7017 -32652 23544 
T 7088 ns
-31378 2673 -24311 -11326 18603 13328 -32768 18830 
T 7092 ns
-8601 1579 -16647 13962 -901 18160 12850 -28346 
T 7096 ns
12498 27144 -19840 -16533 10543 12549 18600 8373 
T 7100 ns
-89 -7405 -5972 2818 -12564 9359 -6180 14603 
T 7104 ns
19934 5640 -539 442 -11521 6202 -6202 -12544 
T 7108 ns
1633 29493 -14072 21518 -12195 3521 9488 4877 
T 7112 ns
20954 -6084 -767 2925 4404 32767 -22393 9057 
T 7116 ns
-13844 9942 -6318 -1405 9530 -4798 -143 13778 
T 7120 ns
-4802 256 11646 11112 1684 -8023 12323 -2581 
T 7124 ns
-3150 -2941 -17194 -5258 -20645 -3163 -7608 9152 
T 7128 ns
17399 4098 -3953 -32768 19584 -6656 21749 -4324 
T 7132 ns
-11840 687 -18070 4875 -21981 7299 20251 -14344 
T 7136 ns
-16385 17020 7156 6719 32767 11824 26103 -12702 
T 7140 ns
12834 4137 -11611 18848 16950 22994 -18422 -4850 
T 7144 ns
5681 3254 -2519 7102 21393 29184 -11809 5956 
T 7148 ns
138 -9909 9524 15477 -9795 -12018 -17306 -5446 
T 7152 ns
-13287 29526 8802 2108 14582 -9347 -20490 -25926 
T 7156 ns
-8109 -2182 10512 -4784 14122 -980 -5045 -11741 
T 7160 ns
-8092 -5930 -13383 9842 -15732 -13289 -7304 23289 
T 7164 ns
3865 18966 16672 -3813 14060 20177 4730 3306 
T 7168 ns
-9875 9718 9516 -19328 2750 -16448 -5338 6860 
T 7172 ns
-13507 -3646 -7867 5838 -19835 -6444 -22239 27096 
T 7176 ns
-2617 21682 -14907 -14677 19395 11982 -9626 13093 
T 7180 ns
-7127 16571 -20094 -8481 -14356 -17599 4593 21604 
T 7184 ns
6759 -7274 358 -2906 3127 10406 -11436 23308 
T 7188 ns
1512 -32768 1090 -195 6685 -3196 2377 32767 
T 7192 ns
17349 -8278 -18030 25757 32767 3680 14918 17885 
T 7196 ns
1338 -5404 -12279 998 10536 -11699 10985 3439 
T 7200 ns
3410 -3932 21224 -9885 30937 -11102 267 2105 
T 7204 ns
15852 11643 3852 -21231 -18974 23985 8244 3839 
T 7208 ns
-20440 13198 -16194 13251 -269 -17730 -2018 8918 
T 7212 ns
-3328 32767 3961 4282 -88 -8486 -12683 -2589 
T 7216 ns
2002 878 6223 21028 27023 4078 139 -4110 
T 7220 ns
1732 -20918 -15651 21529 7397 16285 9003 -10990 
T 7224 ns
29793 12003 -2470 8795 16806 15344 4734 3518 
T 7228 ns
369 -15694 -12050 19161 10536 6671 -11367 17959 
T 7232 ns
-7203 -5612 -1539 27385 -5592 -26290 -2796 -5125 
T 7236 ns
-6207 4035 4906 -1228 13227 20622 -402 -12249 
T 7240 ns
1440 -14697 -22833 -7155 7600 -3220 -3910 -14680 
T 7244 ns
-900 -18519 29466 8691 9190 -1773 26801 -5817 
T 7248 ns
-5842 25420 -6409 7212 2360 -15221 3235 -19505 
T 7252 ns
5695 1796 3169 -2352 -6754 -1263 13680 -8045 
T 7256 ns
-18626 22160 12320 -17139 16502 26438 -5158 -2139 
T 7260 ns
-3545 -11887 -7569 13750 30263 -4260 -19744 -4246 
T 7264 ns
-18731 -3224 -11283 9182 2575 1385 -20773 19326 
T 7268 ns
11056 -2004 13987 -12559 -10718 -2950 -10412 5522 
T 7272 ns
-1468 -7730 3394 6859 -5653 -22381 -8899 32767 
T 7276 ns
4048 -13774 5118 -10370 25900 11487 4696 -3930 
T 7280 ns
2391 -15160 -807 -12320 4953 -2945 9782 16241 
T 7284 ns
-18673 -6222 -2920 27157 6510 4113 -7504 -5651 
T 7288 ns
-26481 10222 1406 -3898 -5641 6902 7336 5143 
T 7292 ns
-4114 -12159 5150 -5021 -30733 -4892 -11754 -2369 
T 7296 ns
3666 -2551 9791 -25105 -10726 -8077 -22018 -9714 
T 7300 ns
13862 -12678 30501 -11632 12511 7895 -3746 -6352 
T 7304 ns
2334 -22949 -7976 5528 2158 -11323 -22678 7913 
T 7308 ns
10659 -27881 51 -16041 6980 2828 -8897 -21378 
T 7312 ns
-1520 6563 32767 193 -1158 -2674 -13849 4832 
T 7316 ns
5038 16463 -32768 11774 32767 -12671 7971 9598 
T 7320 ns
-5544 1596 -4237 -1327 19772 -6200 7224 6482 
T 7324 ns
324 8372 17018 -2358 16677 8326 19866 -13340 
T 7328 ns
5676 15483 14606 19042 -11543 -2835 7079 -7974 
T 7332 ns
-4466 -2794 5048 -5126 32767 4506 10427 -4090 
T 7336 ns
-13929 -2052 -8891 -8910 -9870 -4101 -26522 -5141 
T 7340 ns
-11522 7465 21470 -13675 -6159 3635 10799 -17632 
T 7344 ns
7514 1304 10418 -8761 -21618 8650 -9121 7513 
T 7348 ns
15941 -9985 2610 -4217 -12705 -3019 10670 -24319 
T 7352 ns
2930 -13608 15254 -8003 -6647 10894 9135 -3608 
T 7356 ns
8388 -1285 7378 22405 387 16802 8626 -5431 
T 7360 ns
-4750 -3945 -5506 -5452 -14554 -6160 1842 20693 
T 7364 ns
-29763 5976 -7292 8617 -8160 6046 -11945 1727 
T 7368 ns
-7455 -32768 14079 9337 207 -25152 -7257 -2812 
T 7372 ns
-21404 -4025 -259 15499 -15270 2861 -2405 -11984 
T 7376 ns
7705 13070 -13556 -3687 -17196 6465 3787 19327 
T 7380 ns
13009 -5169 3917 -11802 17277 1849 -7776 -2544 
T 7384 ns
-12373 12520 -8790 -15357 -8653 -8607 18665 1403 
T 7388 ns
16525 -5192 -22602 11670 13479 10272 -4256 3642 
T 7392 ns
-13905 -13636 -4941 22117 -12477 21088 -20812 -4439 
T 7396 ns
25650 12883 16316 -6009 -14498 -678 -6610 -5304 
T 7400 ns
15281 -3617 -5209 1830 28244 -6166 -22074 12690 
T 7404 ns
4026 -17715 -2362 -16359 -18089 759 -13089 -8230 
T 7408 ns
7672 -10838 -14692 11539 -7249 2537 1070 -6847 
T 7412 ns
-20444 -14618 -14045 13796 16329 -16838 7126 8048 
T 7416 ns
-6560 9859 32417 13029 13751 -12699 7656 18848 
T 7420 ns
4418 27566 -4703 -21596 -22064 -16128 -15966 6901 
T 7424 ns
-1710 -10353 -15996 -3564 3909 15250 2812 -14564 
T 7428 ns
4450 -5020 310 7866 -4549 25692 17 -20694 
T 7432 ns
-14208 -8420 6608 1741 -10072 20173 -4071 8968 
T 7436 ns
8087 6246 11882 14586 3794 -18455 -3412 7508 
T 7440 ns
-17375 -1911 12121 -13949 -8913 9892 -15449 10410 
T 7444 ns
-16309 -10352 7994 8003 -8193 94 -26619 -27487 
T 7448 ns
9183 14517 9525 4466 968 -14272 -392 -18660 
T 7452 ns
-1906 -8861 -5377 -992 -3980 3544 -5559 -3237 
T 7456 ns
-9133 -11886 6630 4576 10271 5052 29025 18732 
T 7460 ns
1186 -21943 -19905 -4703 5365 -14433 -28851 -1255 
T 7464 ns
-9521 1818 -2247 -7329 -13402 11522 -8035 -7782 
T 7468 ns
-7721 -4846 -11081 -8665 11527 18928 -1341 -3191 
T 7472 ns
-5991 5192 -15368 -20026 -22090 2419 -16924 1312 
T 7476 ns
-13553 3310 6868 -3917 -14328 -3987 -8145 -2012 
T 7480 ns
-19854 20817 -1843 -13136 -6343 -23444 7508 -4137 
T 7484 ns
5658 -607 -1594 3451 -8321 10650 -23161 26875 
T 7488 ns
10995 30222 3322 -9850 23199 18092 4826 9396 
T 7492 ns
-7083 -11371 14835 -13896 -5414 4526 12507 -25506 
T 7496 ns
-10444 825 665 -8747 -1360 1812 -6740 5138 
T 7500 ns
-16384 14840 1283 16775 -5935 -17055 -10183 -5955 
T 7504 ns
-7170 -17958 -7413 -502 -6892 -7332 29992 -21401 
T 7508 ns
-7842 10602 21740 -5625 -9435 5338 6799 -6831 
T 7512 ns
6096 -8997 11326 5953 24137 102 -3707 -18183 
T 7516 ns
-11936 818 -7034 -10575 20420 -14840 -4804 -12427 
T 7520 ns
-17454 14122 -3464 13095 -5464 7159 -11222 -2996 
T 7524 ns
-11266 -21436 -13647 180 -3957 -26275 2405 11536 
T 7528 ns
-13109 -8965 -17095 7220 4758 4096 8652 253 
T 7532 ns
-8318 -7370 -4350 -10700 -4987 -10504 -16361 -17511 
T 7536 ns
-6526 -16258 4878 -9673 -32768 3681 13063 10729 
T 7540 ns
3773 4844 -5574 -16780 -15929 20620 -17243 17803 
T 7544 ns
-18169 -18088 -16137 4017 -8234 -3573 32767 -16422 
T 7548 ns
-19795 10027 8262 -19297 -2459 -2992 578 15334 
T 7552 ns
8254 -9760 2601 -28650 -7895 -20766 3671 541 
T 7556 ns
TLAST
-4730 -20910 -8748 -6319 -2741 -2428 12601 -13884 
